Car -1 -1 3.5394 162.3704 190.5303 372.3033 264.8541 1.4615 1.5238 3.6816 -7.0725 1.5804 15.0873 3.1011 15.0927
Car -1 -1 -1.8900 705.2465 180.3834 827.2245 247.6437 1.4715 1.6765 4.2616 3.7375 1.3669 17.9356 -1.6846 14.7877
Car -1 -1 3.5051 242.5363 190.1076 416.5205 249.4151 1.3944 1.5226 3.7195 -6.8411 1.5219 17.7927 3.1380 12.6503
Car -1 -1 3.4395 288.5135 184.9530 442.1873 240.6366 1.5063 1.6052 3.8084 -6.7972 1.5003 20.2923 3.1163 12.4273
Car -1 -1 -1.6762 676.4009 174.6193 728.5191 217.6910 1.6039 1.6568 3.7776 3.6712 1.2105 28.6719 -1.5489 12.1120
Car -1 -1 3.3987 357.6336 185.1490 466.4068 226.4469 1.4931 1.5585 3.6342 -7.2716 1.4918 26.7792 3.1336 6.1722
Car -1 -1 -1.6358 645.5899 176.2668 676.2696 202.1657 1.5243 1.6229 3.9487 3.2085 0.9987 44.2842 -1.5635 5.1244
Car -1 -1 3.2545 484.2126 178.6359 536.3734 198.6268 1.4591 1.5761 3.6789 -7.2138 0.9800 53.2905 3.1199 4.6453
Car -1 -1 0.1941 422.4481 176.0887 512.5154 212.5157 1.7726 1.6891 4.1590 -6.9706 1.3296 35.8247 0.0020 4.4591
Car -1 -1 3.2941 450.2335 182.6202 522.3973 209.0485 1.4525 1.5952 3.7950 -6.8005 1.3109 40.3286 3.1270 1.0349
Car -1 -1 1.6750 530.0483 175.3184 550.4569 191.1688 1.4701 1.5603 3.7270 -6.4165 0.5533 68.5411 1.5816 0.2755
