Car -1 -1 3.4252 183.8070 195.4721 365.3364 263.5499 1.4466 1.5424 3.5117 -7.6127 1.6991 16.5972 2.9951 12.7250
Car -1 -1 3.4273 277.9799 191.0997 435.5115 241.3864 1.4118 1.5849 4.1238 -7.3764 1.5944 21.2766 3.0936 10.9644
Car -1 -1 3.5164 217.8448 189.5062 385.2772 251.6349 1.5531 1.6411 3.7206 -8.0188 1.6725 18.9534 3.1162 10.6165
Car -1 -1 3.3554 378.7049 182.1010 480.0866 221.6456 1.6338 1.6835 3.9211 -7.5646 1.5063 30.5944 3.1130 10.4934
Car -1 -1 -1.6579 643.0775 175.2506 687.8058 216.2152 1.7795 1.7059 3.9950 2.5710 1.3477 33.2288 -1.5807 9.6866
Car -1 -1 -1.6354 627.9086 181.0309 653.3108 202.5496 1.4737 1.5677 3.5756 2.2812 1.1883 51.0306 -1.5907 4.4716
Car -1 -1 3.2780 470.3744 182.3490 529.7704 204.0670 1.4894 1.6148 3.9140 -7.4955 1.2939 50.1246 3.1295 4.0058
Car -1 -1 -1.3077 386.4095 190.9704 423.0978 213.1814 1.4071 1.5140 3.4870 -13.5889 1.8081 48.1959 -1.5825 2.9338
Car -1 -1 1.6967 525.2307 177.7288 546.7919 193.7757 1.4967 1.5937 3.8169 -6.8619 0.7995 68.9741 1.5976 2.2427
Car -1 -1 -1.3334 376.0465 185.0502 442.7124 227.2446 1.4580 1.5987 3.5019 -7.3012 1.4534 26.6099 -1.6012 -0.5864
