Car -1 -1 -1.9969 795.6228 112.8589 1240.0000 375.0000 2.0176 1.7645 4.4551 3.1413 1.5685 6.7071 -1.5588 9.4915
Car -1 -1 -1.7132 676.3898 186.3217 742.9185 232.3007 1.4222 1.6427 4.1293 3.3233 1.4640 24.4012 -1.5778 9.4796
Car -1 -1 0.3222 344.0936 195.2374 464.7840 241.0485 1.4128 1.5317 3.4726 -6.5986 1.7517 23.3821 0.0471 7.2154
Car -1 -1 3.3075 390.1039 188.1119 490.8713 223.4990 1.6226 1.7321 4.4347 -7.9037 1.7652 34.1223 3.0799 6.4525
Car -1 -1 -1.6317 634.0512 177.9106 654.9319 195.3758 1.4663 1.5857 3.5290 3.1379 0.8541 62.1187 -1.5812 4.9019
Car -1 -1 -2.8556 352.6463 192.1408 463.4622 234.5520 1.4653 1.5914 3.5472 -7.1836 1.7242 25.9251 -3.1259 4.2765
Car -1 -1 3.4387 458.1693 185.3555 528.1912 211.9438 1.4982 1.6234 3.6864 -6.6273 1.5076 41.5719 3.2806 3.2217
Car -1 -1 1.8360 514.8882 185.8294 543.5842 203.6439 1.4551 1.5727 3.3969 -6.6050 1.5095 60.6358 1.7275 2.4602
Car -1 -1 -1.5957 502.0745 186.0218 522.5822 204.5963 1.5124 1.6187 3.7298 -8.0909 1.5838 60.6674 -1.7282 1.0348
Car -1 -1 -1.7811 632.3236 183.7195 657.4417 199.7096 1.4717 1.6121 3.8220 3.4839 1.3351 68.1735 -1.7301 -0.4797
