Car -1 -1 3.4936 121.3455 194.1417 361.5378 278.0723 1.5278 1.6058 3.9532 -7.1767 1.7194 14.3186 3.0290 14.9086
Car -1 -1 3.2944 452.3607 180.6500 518.0899 208.6698 1.5338 1.5642 3.4226 -6.8366 1.2850 40.1550 3.1257 13.2008
Car -1 -1 -1.6787 656.2245 173.7883 691.1643 200.1682 1.4896 1.6240 4.0831 3.8362 0.8455 42.6441 -1.5890 13.0415
Car -1 -1 3.5400 201.8344 189.5289 381.0040 258.5145 1.5252 1.6008 3.4905 -7.3460 1.6322 16.8167 3.1281 12.1559
Car -1 -1 -1.6934 691.3015 175.0288 759.1445 226.1860 1.4667 1.6118 3.9302 3.5571 1.1758 22.5975 -1.5373 11.5015
Car -1 -1 3.3847 307.8079 189.8594 462.9069 240.7556 1.4500 1.6272 4.1782 -6.6179 1.5965 21.5712 3.0870 11.1326
Car -1 -1 -1.7818 725.9810 159.6212 845.4390 256.5292 1.7975 1.6529 3.8114 3.5687 1.3239 15.2508 -1.5520 10.4903
Car -1 -1 -2.2233 905.7404 191.9335 1240.0000 375.0000 1.5110 1.6701 4.1562 3.5184 1.5742 4.5484 -1.5649 9.1963
Car -1 -1 2.4458 0.0000 218.7343 87.1898 375.0000 1.4461 1.6063 4.0731 -6.0349 1.7803 5.0979 1.5764 6.4492
Car -1 -1 1.6771 506.3705 175.9447 536.2876 199.9001 1.4824 1.5249 3.7920 -5.5614 0.9098 46.3868 1.5578 0.9257
