Car -1 -1 3.4182 353.0164 194.5950 461.9538 235.9432 1.3919 1.5049 3.4139 -7.0341 1.7332 25.3027 3.1471 10.8257
Car -1 -1 -1.7198 670.1547 185.7962 728.7216 227.9364 1.4230 1.5630 3.7421 3.2291 1.4468 26.2141 -1.5972 10.4952
Car -1 -1 -1.9199 760.1647 128.1991 1071.0456 357.0752 1.9848 1.7620 4.4144 3.0846 1.4915 8.4385 -1.5695 9.9760
Car -1 -1 -1.5571 494.5198 184.7092 521.7029 210.2825 1.5091 1.5929 3.6098 -6.1420 1.4804 44.3070 -1.6949 8.4721
Car -1 -1 2.2438 0.0000 217.7299 81.9369 375.0000 1.5439 1.5934 3.6397 -5.6359 1.8604 5.0414 1.4028 6.4668
Car -1 -1 2.3202 0.0000 210.6625 107.2727 375.0000 1.5725 1.5667 3.6905 -7.1006 1.8949 7.2037 1.5420 6.3309
Car -1 -1 3.3210 412.5319 189.3737 495.7593 218.7356 1.4288 1.5896 3.8638 -7.6912 1.6435 36.0718 3.1110 6.1056
Car -1 -1 -1.4520 514.7788 184.0514 537.4272 201.0826 1.4459 1.5647 3.4898 -7.1143 1.3482 62.7756 -1.5649 5.4843
Car -1 -1 3.5465 362.6862 192.3388 469.2692 232.2822 1.4589 1.5942 3.6317 -7.3834 1.7447 27.6753 3.2858 2.2699
Car -1 -1 -1.7896 625.7483 178.4817 651.6225 195.3592 1.4618 1.5801 3.4978 2.7207 0.8797 64.1186 -1.7472 0.5023
