Car -1 -1 -1.9688 820.0151 194.2545 1136.9872 375.0000 1.4253 1.5431 3.6415 3.4460 1.5448 7.5701 -1.5416 13.1551
Car -1 -1 3.4297 208.6323 190.5614 394.0312 254.8076 1.4329 1.5984 3.7830 -7.2504 1.5695 17.1998 3.0308 11.3982
Car -1 -1 3.7974 0.0000 203.7250 232.2558 332.5584 1.4482 1.5775 3.8089 -7.1320 1.7047 9.1122 3.1333 11.2695
Car -1 -1 3.2664 462.9531 179.8132 523.9331 205.0700 1.4827 1.5451 3.4404 -6.8337 1.1667 43.0257 3.1089 9.8608
Car -1 -1 -1.6788 651.0830 174.4449 682.8797 199.2770 1.5033 1.6058 3.6767 3.6741 0.8524 45.3744 -1.5980 9.7682
Car -1 -1 -1.6980 680.1506 173.8111 741.3469 218.6281 1.4765 1.6387 4.1179 3.5615 1.1019 25.7463 -1.5606 9.5544
Car -1 -1 3.3160 343.2478 182.3843 478.4498 227.8641 1.4808 1.6922 4.2027 -6.6376 1.3897 24.4343 3.0507 9.2264
Car -1 -1 3.4630 255.5851 186.4233 411.6479 243.9831 1.4998 1.6104 3.6647 -7.4413 1.5354 19.6425 3.1008 7.7306
Car -1 -1 2.3252 0.0000 218.4843 129.3454 375.0000 1.3935 1.5078 3.3567 -5.9308 1.7533 6.0530 1.5500 7.6868
Car -1 -1 -1.7383 708.5276 158.4177 804.4572 240.6451 1.8424 1.6929 3.9589 3.5675 1.2431 18.1051 -1.5437 6.6155
Car -1 -1 -1.6567 657.0838 178.0916 684.4223 200.2151 1.5147 1.6127 3.7550 4.4220 1.0281 51.0897 -1.5704 -1.0536
