Car -1 -1 -2.7013 172.4392 189.7651 368.0062 261.7712 1.4964 1.5877 3.5660 -7.3790 1.6029 15.8381 -3.1373 12.9461
Car -1 -1 -1.6979 656.7127 171.2050 695.6598 200.0833 1.5926 1.7359 4.0825 3.8892 0.8211 41.7106 -1.6049 12.8022
Car -1 -1 3.5364 84.3541 195.3118 343.0573 282.2076 1.4686 1.5946 3.9070 -7.1986 1.6714 13.3623 3.0422 12.0130
Car -1 -1 -1.6965 695.7172 171.3392 767.1471 223.7482 1.4471 1.6150 4.1350 3.6286 1.0650 21.9414 -1.5326 11.5041
Car -1 -1 3.3927 290.6062 186.8001 457.4502 239.1469 1.4286 1.6364 4.2792 -6.6388 1.4773 20.6177 3.0812 11.0350
Car -1 -1 -2.3211 963.2522 198.7401 1240.0000 375.0000 1.4683 1.5880 4.0161 3.4622 1.5746 3.5639 -1.5502 11.0331
Car -1 -1 3.3012 443.3416 179.6519 517.8283 207.4341 1.4839 1.6101 3.7961 -6.9260 1.1879 39.2257 3.1264 9.6225
Car -1 -1 -1.8022 734.7841 153.8777 870.2990 258.7137 1.7875 1.6781 3.9291 3.6220 1.2543 14.2319 -1.5530 7.8459
Car -1 -1 -0.2577 647.8730 172.2707 701.2010 192.9437 1.4513 1.5435 3.5273 4.7488 0.5436 51.5128 -0.1658 1.8044
Car -1 -1 -1.6597 658.8454 174.8358 689.2231 198.9783 1.4937 1.6072 3.8779 4.2151 0.8526 46.4134 -1.5691 0.4964
Car -1 -1 3.3988 333.2355 186.4538 466.5631 232.9035 1.4509 1.6124 3.8783 -6.7145 1.4937 23.3466 3.1187 -0.5527
