Car -1 -1 3.4311 351.8640 181.9092 478.2115 227.4821 1.4588 1.5627 3.7591 -6.3699 1.3541 23.8410 3.1700 14.6750
Car -1 -1 -1.7958 703.8505 177.2374 775.1305 221.5343 1.4761 1.6383 4.1346 4.6357 1.2114 26.0562 -1.6198 13.5037
Car -1 -1 -2.9041 391.2131 180.5323 499.6653 220.6126 1.4346 1.5591 3.6417 -5.9750 1.2681 26.5352 -3.1256 11.7074
Car -1 -1 -2.0930 891.6901 188.1854 1240.0000 375.0000 1.4562 1.6318 4.1724 3.9515 1.4917 6.1927 -1.5250 11.3622
Car -1 -1 3.7285 0.0000 196.0929 281.4311 330.3924 1.4677 1.5845 4.0616 -6.4763 1.6164 8.8744 3.0981 10.3398
Car -1 -1 -1.6843 687.6822 174.2227 728.3299 206.0776 1.5535 1.6407 3.7905 5.0708 1.0185 36.9671 -1.5480 8.6567
Car -1 -1 2.3520 0.0000 204.2122 144.5396 375.0000 1.4856 1.6000 3.6525 -4.9165 1.6564 4.5607 1.5290 7.0967
Car -1 -1 -1.4841 546.7019 177.2058 568.5442 194.4841 1.4659 1.5961 3.6508 -4.3649 0.7875 62.8253 -1.5534 0.8514
Car -1 -1 -0.1381 675.5959 176.0684 729.4702 197.5106 1.5024 1.6104 3.6138 6.6993 0.8626 51.1838 -0.0079 0.6203
Car -1 -1 2.9873 677.2480 177.4903 746.6234 203.1881 1.4910 1.5611 3.8636 6.0976 1.0439 42.5067 3.1298 0.2594
Car -1 -1 0.4913 497.9105 180.4184 568.2016 204.8460 1.4634 1.6185 4.0509 -4.6582 1.1771 44.5751 0.3871 -1.1076
