Car -1 -1 3.5002 253.0329 189.5680 411.0377 246.2249 1.3750 1.5227 3.4486 -6.9935 1.4918 18.3318 3.1357 11.8052
Car -1 -1 -1.7587 696.7696 177.4097 788.1482 238.1719 1.4516 1.6480 3.9741 3.4215 1.2662 19.1657 -1.5820 11.4782
Car -1 -1 3.2673 375.8986 181.6276 475.1583 218.6367 1.4409 1.5839 3.7125 -7.3185 1.3023 28.9951 3.0200 8.5971
Car -1 -1 3.5662 292.5573 185.8011 435.0506 237.8667 1.4473 1.5531 3.6154 -7.0955 1.4663 20.9502 3.2397 7.9035
Car -1 -1 3.5284 386.3141 177.8481 479.7468 214.8209 1.5654 1.6260 3.6354 -7.6589 1.2546 31.5046 3.2900 6.9836
Car -1 -1 0.1617 431.2374 178.2875 517.4458 207.6183 1.4452 1.6307 4.0689 -6.7129 1.1049 36.2738 -0.0213 6.7012
Car -1 -1 -1.4372 508.5234 175.0173 535.5155 196.1952 1.5883 1.6348 3.4232 -6.6203 0.8246 55.6340 -1.5556 5.5218
Car -1 -1 -1.6550 655.9596 170.3808 693.1351 199.5779 1.4433 1.6006 3.8433 3.4003 0.7111 37.4580 -1.5645 4.1184
Car -1 -1 1.5284 641.1350 170.2230 664.2453 190.3340 1.5481 1.6637 4.0731 3.5393 0.3951 57.3859 1.5900 2.7362
Car -1 -1 -1.6482 668.0045 162.4735 716.4889 211.4431 1.9079 1.6959 3.9110 3.4217 1.0230 29.9878 -1.5346 0.1984
