Car -1 -1 -1.9016 781.8770 191.7234 1018.5506 334.5255 1.4484 1.5849 3.9055 3.4637 1.5528 9.4357 -1.5498 12.4010
Car -1 -1 3.4100 242.2870 191.2018 421.5555 247.4166 1.4017 1.6327 4.1747 -7.2668 1.5707 19.1452 3.0472 12.0033
Car -1 -1 -1.6213 654.4782 178.2274 681.0059 200.4943 1.4067 1.5454 3.7395 3.8897 0.9663 47.3025 -1.5393 10.0350
Car -1 -1 3.7959 0.0000 209.9830 218.6841 368.7540 1.6270 1.6283 3.6406 -6.9201 1.9510 8.4999 3.1126 9.9767
Car -1 -1 3.6538 0.0000 198.2234 297.7398 309.5306 1.5147 1.6700 3.9804 -7.1275 1.7316 10.9639 3.0774 9.8242
Car -1 -1 3.3145 365.7023 182.9514 487.3808 225.0806 1.4873 1.6744 4.1001 -6.6017 1.4085 26.3586 3.0691 9.2856
Car -1 -1 3.4529 293.2959 185.5011 429.4764 238.2802 1.5306 1.6268 3.5624 -7.4003 1.5407 21.6969 3.1242 9.0600
Car -1 -1 3.2857 465.3637 180.8022 525.2741 207.0621 1.6136 1.5897 3.5133 -7.0270 1.3435 44.9815 3.1307 8.9090
Car -1 -1 -1.6811 675.3144 176.6388 731.8282 218.3611 1.4874 1.6852 4.2550 3.5789 1.1827 27.7650 -1.5529 8.1671
Car -1 -1 -1.7464 698.2730 171.8639 780.0649 238.8996 1.7059 1.6365 3.4710 3.5188 1.3673 20.0268 -1.5725 5.6294
