Car -1 -1 3.4856 162.3076 196.9666 354.5497 269.5670 1.4707 1.5346 3.4907 -7.6053 1.7457 15.8089 3.0372 14.5816
Car -1 -1 3.3399 379.5137 182.3690 478.5939 223.2617 1.6433 1.7078 3.7263 -7.3859 1.5300 29.8193 3.0971 12.7860
Car -1 -1 3.5088 208.4099 192.4976 377.0572 255.0190 1.4806 1.5967 3.5540 -7.8757 1.6739 18.0977 3.0983 11.1709
Car -1 -1 -1.6518 645.3977 174.7776 692.3908 217.5015 1.8026 1.7597 4.2493 2.6563 1.3633 32.4513 -1.5701 10.2677
Car -1 -1 3.4700 261.2542 190.1924 433.5067 243.6548 1.4519 1.6722 4.3238 -7.3851 1.6014 20.5526 3.1250 9.5166
Car -1 -1 -1.6313 630.4533 181.7058 655.9488 203.3789 1.4641 1.5632 3.5995 2.4314 1.2281 50.3662 -1.5830 5.1989
Car -1 -1 0.1697 468.1663 183.3320 527.0771 205.2064 1.4745 1.5982 3.7779 -7.5412 1.3486 49.2836 0.0178 4.1713
Car -1 -1 -1.3177 366.9520 187.5877 435.6373 231.1447 1.4466 1.5402 3.5153 -7.3775 1.5389 25.8405 -1.5958 4.1527
Car -1 -1 -0.0777 529.0090 179.3451 572.5653 194.7161 1.4206 1.6169 3.9651 -5.3747 0.8792 67.5416 -0.1571 -0.2714
Car -1 -1 -1.2938 383.2905 188.3260 424.1888 214.0249 1.6184 1.6338 3.7881 -13.4846 1.8338 47.6195 -1.5697 -0.3796
