Car -1 -1 -1.7918 712.1201 183.3711 822.3041 254.5232 1.4249 1.5924 3.8802 3.4311 1.3891 16.3429 -1.5849 14.1656
Car -1 -1 3.5875 175.2272 194.4912 377.2250 264.2725 1.3921 1.5392 3.6081 -7.0246 1.6016 15.3490 3.1583 12.4133
Car -1 -1 3.3312 335.4600 185.0506 463.8134 225.5397 1.4082 1.6367 4.2280 -7.4794 1.4036 26.0041 3.0511 9.0183
Car -1 -1 3.5510 223.3889 188.5128 407.4397 251.3653 1.4904 1.6127 3.9533 -7.2660 1.5780 17.9882 3.1671 8.5152
Car -1 -1 -1.6235 642.2359 174.9823 666.1706 195.0243 1.4565 1.5938 3.8329 3.4503 0.7139 54.1622 -1.5598 7.9812
Car -1 -1 -1.6982 672.1255 167.8044 729.8855 219.6561 1.8032 1.6549 3.8167 3.3753 1.1988 26.9060 -1.5734 6.8553
Car -1 -1 -1.6760 658.6596 176.4427 701.0786 208.5143 1.4496 1.6023 3.9889 3.3686 1.0542 34.4887 -1.5786 6.4088
Car -1 -1 3.2967 408.5613 178.8414 504.5752 212.7348 1.5260 1.6967 4.1431 -6.9776 1.2401 33.3147 3.0903 5.4425
Car -1 -1 -1.4651 500.8300 177.6257 528.8316 200.5646 1.6236 1.6731 3.5304 -6.7916 1.0875 52.6591 -1.5934 5.2943
Car -1 -1 1.7836 406.1692 179.1537 467.0897 222.6272 1.5900 1.6031 3.5331 -6.6455 1.3694 28.0698 1.5512 2.1536
Car -1 -1 3.4241 487.3576 178.1917 539.4090 197.6910 1.4566 1.6013 3.6301 -7.1882 0.9331 54.7627 3.2936 -0.0877
