Car -1 -1 3.5747 0.0000 193.7567 303.1989 309.0677 1.6410 1.6490 3.9446 -7.2089 1.7910 11.4554 3.0130 12.6943
Car -1 -1 3.4037 260.9916 182.9453 446.6846 240.1545 1.4115 1.6157 4.2821 -6.5261 1.3566 18.6960 3.0679 11.6461
Car -1 -1 -1.7202 704.8210 163.2955 788.6822 224.0752 1.4971 1.6500 4.0078 3.6535 0.9583 19.7337 -1.5371 10.7648
Car -1 -1 3.5752 115.9407 185.4161 339.3509 269.7665 1.5338 1.5449 3.5043 -7.2825 1.5390 13.9276 3.0934 10.5372
Car -1 -1 -1.7134 658.2834 164.9330 699.6243 193.5405 1.4973 1.6961 4.0964 3.8464 0.4368 39.7050 -1.6169 9.3182
Car -1 -1 3.3233 436.6878 174.4120 512.1693 205.8337 1.5950 1.6115 3.6201 -6.9060 1.0477 37.2940 3.1402 8.5948
Car -1 -1 3.4270 320.9400 181.4709 463.3064 230.0893 1.4623 1.6301 3.9596 -6.6937 1.3508 22.4417 3.1371 5.4854
Car -1 -1 -1.8703 747.4669 153.0356 920.9575 270.9361 1.6788 1.6682 3.8646 3.5553 1.2217 12.1773 -1.5862 2.8863
Car -1 -1 -1.6776 669.4286 170.0219 701.7533 194.8203 1.4612 1.5913 3.6040 4.7156 0.5671 44.1562 -1.5712 1.0018
Car -1 -1 -1.4886 655.5121 164.0175 684.8789 188.8305 1.6603 1.7186 4.0646 4.3820 0.2430 50.2457 -1.4016 0.8707
