Car -1 -1 3.5728 0.0000 205.3442 256.9230 324.4053 1.5409 1.5835 3.2967 -7.2882 1.8715 10.7098 2.9752 11.6524
Car -1 -1 3.6334 47.7122 198.6720 303.3055 290.8702 1.5163 1.6176 3.6196 -7.6898 1.7768 12.9643 3.0980 11.3125
Car -1 -1 -2.8730 332.1974 188.9023 463.8862 237.1760 1.5963 1.7277 4.0482 -7.1933 1.7291 24.7945 -3.1554 9.8248
Car -1 -1 3.5239 145.9376 195.4839 387.8696 272.9159 1.5277 1.6780 4.3728 -7.1860 1.7624 15.3900 3.0870 9.6743
Car -1 -1 -1.6840 659.6839 174.4229 721.7637 231.3128 1.9903 1.8359 4.4253 3.0244 1.6138 27.3607 -1.5739 8.2603
Car -1 -1 -2.7687 252.4983 196.7951 400.5117 251.1266 1.4188 1.5129 3.4972 -7.7348 1.7520 19.8509 -3.1403 6.7055
Car -1 -1 -2.9730 456.9191 189.0319 524.5037 212.6085 1.4143 1.5739 3.8922 -7.1831 1.6543 44.1804 -3.1342 3.6811
Car -1 -1 -0.6833 628.4421 189.6179 693.7350 214.2008 1.3823 1.5468 3.7333 3.1637 1.6555 42.7298 -0.6094 -0.2724
Car -1 -1 -0.1057 631.7154 179.9954 683.0104 202.4296 1.6868 1.6304 3.7576 3.7476 1.2955 54.9326 -0.0376 -1.0997
Car -1 -1 -1.0820 631.4888 189.5725 680.7292 213.7895 1.4106 1.5149 3.6326 3.0081 1.6932 44.5085 -1.0146 -1.2600
