Car -1 -1 -1.8142 709.6160 182.5225 786.5444 229.4695 1.4743 1.6352 4.0604 4.6649 1.3909 24.6446 -1.6271 14.6572
Car -1 -1 3.4053 334.0002 187.7586 471.0347 235.2740 1.4231 1.5715 3.8345 -6.3683 1.5064 22.4236 3.1286 13.5305
Car -1 -1 -2.1444 955.8185 196.6885 1240.0000 375.0000 1.4518 1.5525 3.7051 3.9192 1.5638 5.0298 -1.4825 10.7265
Car -1 -1 -2.9120 402.1657 183.3680 513.2893 225.3727 1.5645 1.6455 3.9122 -5.7480 1.4968 27.6410 -3.1171 9.8242
Car -1 -1 0.5876 0.0000 205.5269 237.6644 369.6260 1.3999 1.6120 4.2154 -6.4297 1.6416 7.4523 -0.1243 9.7089
Car -1 -1 -2.9145 383.1338 186.9047 496.5395 228.6751 1.4104 1.5396 3.6037 -5.8443 1.4723 25.1039 -3.1432 9.3890
Car -1 -1 -1.6750 692.0479 178.3879 733.7871 212.1631 1.5774 1.6347 3.8863 5.1105 1.2596 35.5412 -1.5322 8.5973
Car -1 -1 3.2449 486.4030 183.0717 554.4888 209.1077 1.5265 1.6437 3.8953 -5.2086 1.4019 42.9978 3.1244 4.3024
Car -1 -1 0.1006 526.5386 180.6343 569.2522 198.0224 1.4472 1.5611 3.4525 -5.0399 1.0670 60.6381 0.0177 4.2133
Car -1 -1 -0.6677 1084.7978 183.2760 1240.0000 246.9504 1.4442 1.6471 4.1402 13.9665 1.4013 17.1560 0.0156 2.8386
Car -1 -1 -0.8480 663.0894 182.1291 716.7547 203.3858 1.4459 1.6315 3.8467 5.8108 1.2371 50.7869 -0.7341 0.5285
Car -1 -1 -1.7574 727.1652 183.5696 766.9981 210.3297 1.5493 1.6572 3.9557 8.3696 1.4551 43.5956 -1.5678 -1.1457
