Car -1 -1 3.4072 349.1345 185.3819 474.3394 234.0148 1.5097 1.5796 3.5955 -6.2750 1.5163 23.1070 3.1421 15.6051
Car -1 -1 -1.8052 707.7755 180.6946 781.4478 226.6728 1.4892 1.6521 3.9570 4.6778 1.3439 25.2984 -1.6224 14.5689
Car -1 -1 -2.0824 929.6500 188.2292 1240.0000 375.0000 1.5041 1.6513 4.0376 3.9659 1.5373 5.5378 -1.4609 11.3399
Car -1 -1 3.3508 390.4638 187.2685 498.1649 227.5891 1.3963 1.4729 3.5312 -5.8334 1.4731 25.7288 3.1279 10.5224
Car -1 -1 3.3248 403.9041 182.9565 511.8356 223.5130 1.5446 1.6092 3.9215 -5.8592 1.4597 28.2206 3.1201 9.7629
Car -1 -1 3.7874 0.0000 201.9236 262.0957 350.7498 1.4635 1.6726 4.3689 -6.5771 1.6758 8.1738 3.1098 9.0833
Car -1 -1 -1.6303 693.6978 177.3520 731.6190 210.8288 1.5940 1.6532 3.8374 5.2002 1.2207 36.2053 -1.4877 7.9377
Car -1 -1 3.8811 0.0000 202.1427 79.8081 375.0000 1.5575 1.6544 3.9862 -6.1731 1.6967 4.6868 2.9596 5.9730
Car -1 -1 0.1242 527.8401 178.5856 572.8624 195.8524 1.4522 1.5746 3.6629 -4.8872 0.8957 61.3235 0.0446 2.8476
Car -1 -1 0.6494 490.4586 178.6212 557.3819 202.2904 1.3879 1.5713 3.8924 -5.1501 1.0023 43.8127 0.5324 2.6162
Car -1 -1 -0.1639 676.5511 179.2183 736.5492 200.1684 1.4507 1.6240 3.9738 6.9085 1.0365 50.6411 -0.0283 1.6153
Car -1 -1 -1.7533 725.2225 182.7653 765.5517 209.0915 1.4713 1.6308 3.9011 7.9842 1.3355 42.1251 -1.5660 0.2343
