Car -1 -1 3.4874 272.1968 191.5455 421.9217 244.6750 1.3606 1.5053 3.4841 -6.9809 1.5387 19.3385 3.1409 11.5395
Car -1 -1 -1.7477 692.7693 181.9573 775.4583 236.9964 1.3966 1.5781 4.0448 3.4033 1.3150 20.2673 -1.5813 11.3159
Car -1 -1 3.2217 374.2298 184.2469 476.4506 219.3277 1.4076 1.6025 4.0149 -7.5609 1.3698 29.9630 2.9746 7.2718
Car -1 -1 3.2947 425.7338 179.3384 515.9468 208.6146 1.4845 1.6888 4.4015 -7.0904 1.1876 37.3655 3.1072 6.9135
Car -1 -1 -2.7977 304.4595 188.2895 439.6205 237.5635 1.4346 1.5627 3.5905 -7.1434 1.5328 21.8603 -3.1135 6.2963
Car -1 -1 -1.4496 508.5296 175.7969 535.5037 197.1404 1.6329 1.6951 3.6011 -6.7561 0.9134 56.7944 -1.5680 5.0557
Car -1 -1 3.1768 400.6038 178.9516 485.1272 216.6901 1.6403 1.6456 3.6227 -7.4155 1.3691 32.3902 2.9517 3.9121
Car -1 -1 1.6966 639.5209 172.8624 665.0557 192.1472 1.5065 1.6117 3.6940 3.6158 0.5426 58.1187 1.7587 3.7582
Car -1 -1 -1.6494 664.2638 168.2963 709.2964 210.9513 1.7188 1.6125 3.8639 3.3022 1.0382 30.9165 -1.5430 2.5248
Car -1 -1 1.6775 527.9819 175.5145 550.3970 193.4889 1.5004 1.5430 3.6349 -5.8811 0.6917 61.8294 1.5826 0.6871
