Car -1 -1 3.6613 18.6200 192.5169 323.9746 296.2730 1.5588 1.6705 3.9840 -7.0259 1.6885 11.7890 3.1239 14.8511
Car -1 -1 -1.6946 656.0364 187.1783 700.9504 220.6150 1.3974 1.5282 3.8261 3.0753 1.4918 32.2012 -1.5994 11.7255
Car -1 -1 -1.7864 703.6943 157.2450 849.1192 281.2759 2.1094 1.8447 4.5798 3.1263 1.6348 14.5147 -1.5743 11.0826
Car -1 -1 3.3762 398.8996 190.9509 487.3747 225.7846 1.4611 1.5754 3.4756 -7.1377 1.7177 31.2172 3.1514 8.6000
Car -1 -1 -1.5901 502.1916 184.0335 527.0855 207.2354 1.5586 1.6475 3.8236 -6.5671 1.4803 50.2989 -1.7199 6.9222
Car -1 -1 3.9722 0.0000 212.8810 61.9352 375.0000 1.4578 1.5957 4.0065 -7.9000 1.7561 6.8714 3.1173 6.8197
Car -1 -1 3.3033 431.8851 185.4256 507.2887 210.5577 1.4389 1.6190 4.1244 -8.0615 1.4526 42.0341 3.1138 5.3470
Car -1 -1 -1.6967 661.7632 182.6158 715.9522 223.9838 1.5392 1.6503 3.9713 3.1315 1.4436 28.7432 -1.5882 3.3418
Car -1 -1 -1.2621 625.2485 179.9897 653.2902 195.6532 1.4828 1.6126 3.9495 3.1024 0.9892 70.1777 -1.2179 1.3944
Car -1 -1 -2.6094 498.2976 183.2434 541.8372 199.6062 1.5178 1.6362 3.7938 -8.3243 1.3359 68.1819 -2.7309 -0.5930
