Car -1 -1 3.4602 312.8327 186.5698 461.7797 240.0376 1.4588 1.5989 3.7488 -6.2512 1.5001 20.4930 3.1641 15.8740
Car -1 -1 -1.8229 721.2082 180.7710 805.4795 232.7078 1.4952 1.6474 3.9284 4.7569 1.3684 22.6905 -1.6163 15.2269
Car -1 -1 3.3688 366.5403 186.2869 488.3344 231.9083 1.4164 1.5488 3.5492 -5.7835 1.4533 23.1581 3.1241 13.0249
Car -1 -1 -1.6819 699.2160 177.6471 743.2292 212.5047 1.5306 1.5966 3.8610 5.1984 1.1994 33.5239 -1.5280 10.9622
Car -1 -1 -0.7185 1148.1901 179.7696 1240.0000 252.4949 1.4406 1.5850 4.0326 13.9252 1.3339 15.0826 0.0270 7.8409
Car -1 -1 -1.6519 677.7228 178.6617 705.5580 201.1386 1.4728 1.5857 3.6464 5.6547 1.0444 48.9468 -1.5369 6.2102
Car -1 -1 0.0792 534.9694 179.3211 583.1791 197.5930 1.4687 1.6017 3.8074 -3.9566 0.9960 58.5996 0.0118 4.9592
Car -1 -1 -2.7615 390.7174 181.2438 511.0886 227.3174 1.5818 1.6447 3.8910 -5.6306 1.4466 25.8077 -2.9763 4.1162
Car -1 -1 2.3943 0.0000 234.3486 120.8869 375.0000 1.3593 1.5548 3.9263 -5.1108 1.7989 4.4237 1.5370 3.4323
Car -1 -1 -0.0040 483.5567 180.8849 553.7044 208.0867 1.5099 1.6260 3.8886 -5.0979 1.2706 40.9522 -0.1279 3.3694
