Car -1 -1 -1.7331 688.7261 182.0009 766.1416 236.6882 1.4688 1.6100 4.0029 3.3973 1.3836 21.3085 -1.5750 11.5489
Car -1 -1 3.4848 296.0110 192.3939 431.9843 243.3093 1.3710 1.5016 3.3364 -6.8782 1.5832 20.3519 3.1589 9.6079
Car -1 -1 3.4613 309.1859 187.2025 446.8719 236.7998 1.5206 1.6101 3.8751 -7.2958 1.5874 22.9293 3.1532 7.8158
Car -1 -1 -3.0365 381.8969 181.2342 482.6408 219.7778 1.6041 1.6572 4.0705 -7.5290 1.4395 31.0049 -3.2747 7.6499
Car -1 -1 -1.4346 638.0689 175.7547 663.0296 194.1275 1.4618 1.5664 3.6847 3.5365 0.7102 59.1500 -1.3749 5.0822
Car -1 -1 -1.4557 511.5721 179.5195 536.6859 199.6405 1.5659 1.6158 3.4690 -6.6945 1.1237 57.6761 -1.5713 4.6520
Car -1 -1 -1.5782 486.7327 177.2154 517.5855 206.1900 1.5082 1.5944 3.3886 -5.8030 1.0929 39.2114 -1.7251 1.4732
Car -1 -1 -1.6254 664.9654 170.5713 706.7137 210.6157 1.6649 1.6197 3.7776 3.3649 1.0572 31.8115 -1.5200 0.7476
Car -1 -1 -0.6980 649.1493 172.9224 725.3889 202.0477 1.5022 1.6509 3.9635 4.2911 0.8693 38.8595 -0.5880 0.7104
Car -1 -1 -3.0060 472.6481 180.9541 535.0999 205.6770 1.4347 1.5273 3.4802 -6.1336 1.1885 42.4892 -3.1494 -0.7408
Car -1 -1 -1.3851 444.4463 182.8094 492.4683 216.1440 1.5051 1.5976 3.6816 -6.6183 1.3976 34.2975 -1.5757 -0.9621
