Car -1 -1 -1.8295 759.3760 178.1671 924.3006 279.5812 1.4884 1.6611 4.2370 3.8383 1.3861 12.6930 -1.5358 14.0567
Car -1 -1 -1.7882 675.4311 173.8493 732.6094 210.5158 1.5497 1.6848 4.1936 4.2435 1.0704 32.5402 -1.6585 13.7405
Car -1 -1 3.3481 402.0067 181.1097 495.3870 217.6496 1.4911 1.5444 3.5813 -6.6508 1.3247 30.1223 3.1308 11.6312
Car -1 -1 3.6146 40.1377 191.3763 363.1815 294.1852 1.5128 1.6671 4.2455 -6.3935 1.6209 11.5816 3.1102 11.2975
Car -1 -1 3.9097 0.0000 201.2728 106.9478 375.0000 1.5049 1.5866 3.5933 -7.2220 1.6793 6.8891 3.1007 9.5703
Car -1 -1 3.3151 424.3892 179.8674 513.3805 212.7456 1.4609 1.5821 3.7666 -6.3127 1.2244 32.7596 3.1247 8.5255
Car -1 -1 -2.3180 470.9303 177.5927 539.4346 204.1969 1.5099 1.6706 4.1251 -6.1565 1.0784 42.7401 -2.4611 0.8976
Car -1 -1 1.8115 545.3534 176.3585 570.8851 192.3047 1.4890 1.5981 3.7697 -4.7477 0.6631 69.1133 1.7429 0.8025
Car -1 -1 -2.7103 206.1576 202.8270 404.7962 269.3119 1.2990 1.4858 3.6020 -6.3791 1.6942 15.2753 -3.1059 0.7861
Car -1 -1 -1.6637 665.6108 173.5954 697.7376 201.4535 1.6049 1.5835 3.6355 4.3790 0.9366 43.2321 -1.5628 0.7659
Car -1 -1 -0.2610 657.5692 174.3045 715.8275 197.4282 1.5060 1.6122 3.5609 5.2150 0.7965 47.8825 -0.1525 -0.4601
