Car -1 -1 3.4538 261.8109 189.3387 432.3467 253.3350 1.6350 1.7117 3.9955 -6.9725 1.7527 19.4018 3.1088 12.1964
Car -1 -1 3.6039 89.8548 204.5539 332.3706 279.2714 1.3715 1.5486 4.0113 -7.8963 1.7850 14.4781 3.1046 10.8090
Car -1 -1 -1.7154 676.3056 169.0380 759.7079 243.6090 2.0369 1.8434 4.5171 3.1841 1.5962 21.8906 -1.5709 10.7390
Car -1 -1 3.6966 0.0000 205.4839 282.5044 325.3140 1.4642 1.6329 4.1607 -7.0440 1.7745 10.0299 3.0843 9.9831
Car -1 -1 3.8914 0.0000 212.8214 123.3738 375.0000 1.4958 1.6023 3.8509 -7.7406 1.8271 7.7215 3.1048 8.2592
Car -1 -1 -1.6063 521.7103 184.1495 543.5381 203.4712 1.5026 1.6101 3.7524 -6.0898 1.4208 57.8702 -1.7112 4.5378
Car -1 -1 -2.4183 479.3107 182.3647 536.9914 207.0560 1.6723 1.7141 3.8347 -7.0260 1.4803 50.4562 -2.5567 3.2060
Car -1 -1 3.3135 445.2298 189.4236 522.3827 214.2537 1.3043 1.5245 3.9000 -6.6766 1.5370 38.7827 3.1430 2.4460
Car -1 -1 -0.6970 633.4201 184.4786 689.5022 205.8241 1.4410 1.5843 3.7755 3.7532 1.3924 50.2696 -0.6225 1.1936
Car -1 -1 0.0631 641.1837 188.2427 705.4371 213.7255 1.4224 1.5496 3.5968 3.7711 1.6023 41.4103 0.1539 -1.2090
Car -1 -1 -2.4134 486.1513 184.5498 538.2668 205.2836 1.4627 1.5885 3.6259 -6.9949 1.4168 52.3830 -2.5462 -1.3111
