Car -1 -1 -1.8044 728.2813 183.9752 857.9045 267.7406 1.4380 1.5890 3.8646 3.4575 1.4179 14.2727 -1.5667 14.5767
Car -1 -1 3.6652 121.5063 197.7070 348.9101 279.2677 1.3928 1.5424 3.4554 -6.8815 1.6415 13.3884 3.1904 14.4208
Car -1 -1 3.3225 328.6117 183.3940 449.3659 230.9049 1.5218 1.5660 3.6359 -7.2649 1.4646 24.0043 3.0286 11.7431
Car -1 -1 3.5774 177.0236 190.6909 384.6565 260.2385 1.4479 1.5940 3.8759 -7.1741 1.5766 15.9124 3.1539 10.3349
Car -1 -1 -1.7001 679.6412 164.2592 740.9579 218.4766 1.7332 1.6108 3.7395 3.4252 1.0644 24.8525 -1.5631 7.7507
Car -1 -1 -1.6682 662.6167 173.9923 707.5854 207.6430 1.4291 1.6294 3.9790 3.4025 0.9536 32.5199 -1.5639 7.1590
Car -1 -1 -1.6389 644.5875 173.9723 670.9091 195.4025 1.4998 1.6437 3.8353 3.5780 0.7141 52.2245 -1.5705 6.0640
Car -1 -1 1.6999 498.5176 175.6252 528.8949 199.6068 1.6278 1.6648 3.6654 -6.6053 0.9780 50.6238 1.5702 5.8611
Car -1 -1 -1.5125 449.8199 179.0292 491.6457 215.8713 1.5540 1.6425 3.3536 -6.1002 1.2942 32.0867 -1.7003 4.0079
Car -1 -1 -0.4616 350.6642 182.9309 472.0183 227.6022 1.4959 1.6158 3.9225 -7.0789 1.4205 25.9761 -0.7277 2.3783
Car -1 -1 3.6135 266.9961 208.7940 444.8687 266.2409 1.3846 1.6006 4.2425 -6.7406 2.0539 19.2887 3.2774 0.7659
Car -1 -1 3.2669 477.3663 177.6306 535.4341 199.4653 1.5770 1.6990 4.0435 -7.4275 1.0303 52.7947 3.1272 0.6823
Car -1 -1 1.6761 519.9923 176.1598 547.0310 196.5647 1.5379 1.6727 4.2262 -5.7903 0.8565 56.2908 1.5736 -0.5832
