Car -1 -1 3.3243 420.5718 183.5957 504.3184 217.8089 1.5604 1.5745 3.6119 -6.7784 1.4876 33.5981 3.1253 14.1842
Car -1 -1 -1.7667 727.3539 179.5071 840.3997 255.2250 1.4817 1.6422 4.1618 3.7497 1.3712 16.1697 -1.5388 13.6933
Car -1 -1 3.4894 187.5785 192.6772 414.5295 268.5615 1.4719 1.6596 4.0494 -6.3252 1.6390 15.0526 3.0916 10.7576
Car -1 -1 -1.7459 668.2055 176.5228 716.1279 209.1051 1.5400 1.6825 4.1306 4.1390 1.1303 36.0852 -1.6317 10.7448
Car -1 -1 -1.9429 805.5830 137.1307 1098.3975 349.6465 1.9350 1.6330 4.1289 3.6556 1.4983 8.6287 -1.5422 8.9725
Car -1 -1 -2.6578 271.8606 198.8160 437.8524 253.3745 1.3099 1.4875 3.8404 -6.5995 1.6856 18.7766 -2.9958 6.4920
Car -1 -1 3.4126 438.5209 183.5593 520.1011 213.3278 1.4669 1.5838 3.7802 -6.4989 1.3864 36.3861 3.2359 6.3742
Car -1 -1 3.8245 0.0000 199.0207 189.6110 359.5974 1.5390 1.6353 3.7128 -7.0100 1.7097 7.9322 3.1008 6.0556
Car -1 -1 -1.6464 660.4696 178.7462 690.4400 204.0486 1.5816 1.6520 3.8439 4.3505 1.1783 46.8667 -1.5538 3.7604
Car -1 -1 1.7002 498.7682 182.5935 534.7430 212.3247 1.8181 1.7298 4.4898 -5.8172 1.6589 46.2045 1.5750 -1.2282
