Car -1 -1 3.4343 326.1230 181.7380 465.4790 234.6306 1.4954 1.5549 3.6325 -6.1949 1.3982 21.1104 3.1489 15.1138
Car -1 -1 -1.8281 716.3592 178.3488 799.9340 228.9162 1.4946 1.6420 4.0953 4.7248 1.2928 23.3345 -1.6283 14.2883
Car -1 -1 -0.6897 1129.2168 182.9453 1240.0000 250.5028 1.3936 1.5467 4.1123 13.9701 1.3479 15.6763 0.0383 10.4708
Car -1 -1 -2.9097 390.3687 179.2082 508.0355 223.0130 1.5507 1.6264 3.9348 -5.7744 1.3392 26.2881 -3.1259 9.6207
Car -1 -1 -2.2519 1046.7962 198.3232 1240.0000 375.0000 1.5153 1.6263 3.9706 3.9804 1.6215 3.6729 -1.4264 8.8296
Car -1 -1 3.3551 365.7745 182.1423 491.9809 227.3082 1.4387 1.5980 3.7944 -5.8767 1.3419 23.7481 3.1126 8.2221
Car -1 -1 3.9935 0.0000 223.5363 167.1997 375.0000 1.4700 1.6438 3.8561 -6.2667 1.8524 6.2087 3.2034 5.0415
Car -1 -1 -1.5486 701.2239 174.8414 739.0273 211.1617 1.6230 1.6769 4.0650 5.3648 1.1605 34.2671 -1.3933 3.4112
Car -1 -1 -1.0685 675.8696 177.3878 724.2977 199.3636 1.4440 1.6161 3.8997 6.3457 0.9307 49.2814 -0.9404 0.9939
Car -1 -1 0.0442 540.2417 180.0043 584.8436 198.3808 1.4927 1.5725 3.6015 -3.7123 1.0705 59.2073 -0.0184 0.2150
Car -1 -1 3.2510 493.5866 179.0639 558.7379 206.4027 1.5607 1.5989 3.6160 -4.7400 1.2106 41.8384 3.1382 0.0503
Car -1 -1 -1.8499 667.4068 174.3874 713.1655 201.0539 1.4548 1.6131 3.8016 4.6499 0.8652 41.2211 -1.7376 -0.8536
