Car -1 -1 -1.7696 662.2899 173.0973 708.2396 202.4576 1.4620 1.6322 4.0279 3.9921 0.8597 37.8732 -1.6646 12.9460
Car -1 -1 -1.7348 714.7854 174.0425 812.4067 242.3677 1.5056 1.6722 4.2652 3.7104 1.2605 18.0004 -1.5315 12.0255
Car -1 -1 3.4514 225.3554 190.8231 431.9739 255.2080 1.4153 1.6348 4.2314 -6.4736 1.5556 16.8961 3.0855 11.8108
Car -1 -1 3.6503 32.2688 192.6144 302.3433 292.1895 1.5347 1.6285 3.5279 -7.2901 1.6692 12.0801 3.1073 10.1013
Car -1 -1 3.6521 0.0000 200.0315 257.5871 337.4610 1.6125 1.6253 3.4563 -6.8640 1.8329 9.6400 3.0333 9.0847
Car -1 -1 -1.8860 776.3721 152.7365 979.8351 306.2009 1.8165 1.6002 3.6855 3.5838 1.4332 10.3619 -1.5530 6.6209
Car -1 -1 0.1600 431.9617 182.3867 507.1535 212.5233 1.4497 1.5607 3.4335 -6.7963 1.3147 35.4064 -0.0297 4.9583
Car -1 -1 3.4555 308.7104 193.3781 450.5096 242.4602 1.3373 1.5078 3.5853 -6.5119 1.5812 20.6062 3.1494 4.2531
Car -1 -1 3.4015 457.5440 178.6845 529.4094 205.9576 1.5012 1.5974 3.7192 -6.4449 1.1429 40.5497 3.2439 3.7904
Car -1 -1 0.0735 658.4175 172.5005 715.3842 196.5514 1.5475 1.6202 3.6238 5.2122 0.7305 47.3772 0.1831 0.9960
Car -1 -1 -2.6578 644.7771 174.9741 707.6812 196.3109 1.5117 1.6903 4.3080 4.9918 0.7872 52.8126 -2.5635 -0.1611
