Car -1 -1 -1.8754 589.1283 172.9819 723.6087 256.3366 1.5429 1.6878 4.1184 0.8341 1.3176 15.5066 -1.8217 16.3603
Car -1 -1 3.5646 0.0000 189.5744 224.0031 271.6510 1.4133 1.5547 3.8059 -9.6431 1.5039 13.6223 2.9486 13.6408
Car -1 -1 3.4113 168.4445 181.9545 309.5245 231.7354 1.4683 1.5578 3.6149 -11.3865 1.3732 22.3248 2.9396 12.3311
Car -1 -1 3.5186 44.7924 181.7075 269.1796 253.7595 1.5029 1.6365 3.9461 -9.9929 1.4308 16.1438 2.9643 10.4142
Car -1 -1 3.6406 0.0000 190.2280 149.5664 304.3836 1.5147 1.6507 3.8355 -9.4472 1.6001 10.8605 2.9247 9.1633
Car -1 -1 -1.6825 553.8033 169.4358 610.2505 217.5563 1.6190 1.6505 3.4703 -1.0335 1.0892 26.0215 -1.7222 8.3769
Car -1 -1 3.6027 120.4280 189.2745 292.7625 239.0398 1.3354 1.5280 3.9844 -11.2606 1.4558 20.2791 3.0958 7.1397
Car -1 -1 -1.6344 525.0035 171.0496 557.8434 198.8416 1.5174 1.6147 4.1333 -3.8929 0.7451 41.4121 -1.7281 6.6381
Car -1 -1 3.3229 328.2914 173.6775 393.0524 197.9882 1.6044 1.6614 3.9021 -16.6605 0.8441 48.5496 2.9924 5.1629
Car -1 -1 -0.4962 382.8569 174.0758 431.7613 191.5406 1.4892 1.6317 3.8284 -17.6117 0.5405 63.2098 -0.7679 -0.8475
