Car -1 -1 -1.8608 752.1465 190.8295 938.2290 302.7764 1.4426 1.6309 4.1461 3.4945 1.5501 11.5441 -1.5668 14.3965
Car -1 -1 3.3012 293.8188 187.7944 429.5682 241.5975 1.4905 1.5542 3.5638 -7.1587 1.5711 21.0764 2.9738 11.2050
Car -1 -1 -2.4963 0.0000 205.9547 285.2660 322.9539 1.4991 1.6192 3.5200 -6.8632 1.8286 10.4548 -3.0772 9.7973
Car -1 -1 -2.6396 75.2139 199.0511 336.7212 284.1306 1.4072 1.5550 3.8331 -7.1324 1.6722 12.9224 -3.1439 9.7474
Car -1 -1 -2.8292 318.4132 186.7257 442.2147 234.5926 1.5107 1.6010 3.5475 -7.4252 1.5630 23.5476 -3.1346 8.9999
Car -1 -1 -1.7411 688.1389 169.8810 762.9690 232.4165 1.7520 1.6294 3.7282 3.4684 1.3235 22.0110 -1.5848 8.8400
Car -1 -1 3.3221 391.3435 184.3574 496.4317 223.0687 1.4806 1.6230 3.8171 -6.4434 1.4489 28.3825 3.0989 7.9553
Car -1 -1 -1.6882 670.0486 178.9672 721.1303 216.8495 1.4525 1.6125 3.9853 3.5038 1.2141 29.5528 -1.5702 7.5873
Car -1 -1 -1.6161 651.0113 180.7581 675.6713 202.5119 1.4336 1.5140 3.6242 3.7522 1.1410 49.2047 -1.5400 7.5357
Car -1 -1 0.1321 467.3586 181.3129 526.3538 205.8286 1.5735 1.6615 3.6266 -7.2394 1.3242 47.0036 -0.0208 7.0695
Car -1 -1 1.4950 651.3315 182.4111 677.5406 203.5604 1.4809 1.6059 3.8516 4.0666 1.2856 52.2585 1.5727 1.7589
