Car -1 -1 -1.8222 723.5504 183.8379 812.4590 237.3946 1.4869 1.6501 4.1684 4.7512 1.4498 22.0695 -1.6101 14.9813
Car -1 -1 3.4600 304.5838 190.9855 457.4114 249.2438 1.5279 1.6020 3.7089 -6.2219 1.6949 19.8405 3.1561 14.6194
Car -1 -1 3.3641 360.9218 190.9787 485.9294 238.3452 1.4153 1.5296 3.5386 -5.7387 1.6033 22.4867 3.1142 11.7466
Car -1 -1 -1.7179 698.8153 180.1890 746.4368 217.3655 1.6006 1.6013 3.7604 5.1503 1.3853 32.8321 -1.5623 11.2101
Car -1 -1 3.3636 385.6607 186.2179 503.6150 233.2047 1.5822 1.5847 3.7494 -5.6556 1.6194 25.0294 3.1414 10.6090
Car -1 -1 -0.7365 1168.4223 180.2311 1240.0000 256.4105 1.4470 1.5989 4.1938 14.0223 1.3535 14.5161 0.0316 8.6375
Car -1 -1 3.4615 431.8274 187.2656 521.6833 222.3663 1.4848 1.5537 3.5727 -5.7513 1.5788 31.5413 3.2812 3.5592
Car -1 -1 3.2279 520.2486 185.1860 568.3577 203.7810 1.4815 1.5990 3.7487 -5.1138 1.4803 58.0714 3.1401 2.1148
Car -1 -1 0.0965 484.2154 186.6190 555.8995 214.2142 1.5195 1.6311 3.8740 -4.9301 1.6014 40.5296 -0.0245 0.5049
Car -1 -1 -0.7425 677.2359 178.1784 741.7894 201.4510 1.4924 1.6823 4.2490 6.7942 1.0422 47.9898 -0.6019 -0.3239
