Car -1 -1 3.6281 67.7199 188.0582 347.3273 285.4196 1.6052 1.6579 4.0334 -6.9874 1.6602 12.7564 3.1269 13.7063
Car -1 -1 -1.7925 697.6680 156.5085 831.4174 269.7523 2.0704 1.8084 4.3819 3.0988 1.5467 15.3495 -1.5933 11.4143
Car -1 -1 3.9085 0.0000 214.6109 126.5230 360.4472 1.3884 1.5190 3.8131 -7.7840 1.7457 7.9300 3.1324 10.5914
Car -1 -1 -1.6760 656.5559 185.3242 699.3980 217.5140 1.4005 1.5628 3.8396 3.1539 1.4070 33.2133 -1.5814 8.1322
Car -1 -1 -3.1305 474.8073 182.1041 533.6144 203.8928 1.4864 1.6431 3.9927 -7.2203 1.2753 50.1128 -3.2736 5.7061
Car -1 -1 3.1829 439.1436 183.1281 509.1459 208.3455 1.4671 1.6361 4.0353 -7.9551 1.3468 42.9132 2.9996 4.9853
Car -1 -1 0.2616 406.0907 188.6853 495.3061 222.2502 1.4519 1.5589 3.6173 -7.0129 1.6123 32.1326 0.0467 4.5191
Car -1 -1 -0.6500 623.5378 178.7595 666.3385 193.8297 1.4452 1.6225 4.0514 3.6688 0.8272 70.7426 -0.5982 1.1633
Car -1 -1 3.0508 633.6751 183.4819 696.8509 206.9123 1.4550 1.5968 3.8509 3.5785 1.3485 45.4582 3.1293 0.5711
Car -1 -1 0.0353 642.4661 180.5406 705.5205 206.5338 1.5102 1.6099 3.6701 3.9343 1.2397 42.7910 0.1269 -0.8720
