Car -1 -1 -1.8429 770.2454 177.8860 947.9161 284.9569 1.4635 1.6345 4.1977 3.8662 1.3644 11.9523 -1.5300 14.2042
Car -1 -1 -1.7332 682.0950 174.5879 735.2269 211.2241 1.5091 1.6628 4.0935 4.3369 1.0725 31.6754 -1.5971 13.5046
Car -1 -1 3.3621 395.3918 181.0168 492.9898 217.6886 1.4538 1.5530 3.6251 -6.6461 1.2885 29.2758 3.1389 13.2380
Car -1 -1 3.6470 4.3001 191.5762 353.0026 309.1140 1.6030 1.6653 4.2177 -6.2716 1.7072 10.7733 3.1198 10.8350
Car -1 -1 -2.2459 950.9542 121.0704 1240.0000 375.0000 1.7972 1.6087 3.6537 3.7275 1.5637 4.4688 -1.5507 6.1263
Car -1 -1 -1.4741 547.3110 176.7513 566.9852 191.8408 1.3977 1.5335 3.5447 -4.7963 0.6148 68.3742 -1.5441 4.5415
Car -1 -1 -0.2796 668.8914 173.5473 740.9693 201.1076 1.5497 1.6339 3.8203 5.5570 0.8947 41.5037 -0.1465 3.8034
Car -1 -1 -2.1789 473.5831 176.8916 537.8869 203.3080 1.4615 1.6518 4.1027 -6.0061 1.0021 41.8298 -2.3215 2.7042
Car -1 -1 3.6295 186.1640 200.2497 396.9424 269.5434 1.2687 1.4595 3.6029 -6.2963 1.5891 14.3967 3.2172 1.8676
Car -1 -1 -1.8453 664.9371 176.5304 710.0721 202.3448 1.5250 1.6855 4.2715 4.8737 1.0130 44.7090 -1.7367 -1.1348
