Car -1 -1 3.4544 157.2540 195.5926 373.9391 270.9016 1.4622 1.5935 3.8534 -7.1624 1.6987 15.2699 3.0158 14.9325
Car -1 -1 3.5265 217.9159 189.5122 391.5194 254.8849 1.5306 1.6224 3.6108 -7.4375 1.6429 17.7683 3.1301 13.1802
Car -1 -1 -1.7096 652.9674 174.7220 689.4334 200.4337 1.4850 1.6282 4.2186 3.7759 0.8801 43.6637 -1.6234 13.0658
Car -1 -1 -1.6958 686.6554 175.4064 751.6604 223.9415 1.4633 1.6113 3.9573 3.5365 1.1687 23.6666 -1.5474 11.4585
Car -1 -1 -2.8852 319.2148 187.3667 468.8526 235.6220 1.4480 1.6457 4.2175 -6.6502 1.5192 22.5326 -3.1722 9.9898
Car -1 -1 -2.1544 872.0494 202.1816 1240.0000 375.0000 1.4175 1.5842 4.1042 3.4228 1.5906 5.2278 -1.5748 9.6975
Car -1 -1 0.1559 455.5867 181.9694 517.6980 208.5317 1.4897 1.5596 3.3019 -6.9200 1.3087 41.1091 -0.0109 9.4690
Car -1 -1 -1.7921 716.9475 166.6242 830.7386 252.3624 1.7096 1.6722 3.7859 3.5535 1.3400 16.2278 -1.5765 8.4304
Car -1 -1 3.9125 0.0000 212.4082 148.9700 375.0000 1.4991 1.6451 4.1460 -7.2894 1.8071 7.2503 3.1245 7.6832
Car -1 -1 -1.6594 652.2687 177.6103 682.4456 201.5266 1.5116 1.6249 4.0569 3.8706 1.0321 47.4663 -1.5780 0.6100
Car -1 -1 1.8795 333.6683 187.5845 413.8026 232.9305 1.4554 1.5906 3.7763 -8.1259 1.5457 25.1574 1.5671 -0.4250
