Car -1 -1 -2.0340 837.4123 198.7054 1240.0000 375.0000 1.4434 1.6150 3.9499 3.4606 1.6058 6.5993 -1.5511 13.4262
Car -1 -1 3.4574 177.2862 193.0258 388.2458 263.0864 1.4624 1.6338 4.0387 -7.2456 1.6512 16.2500 3.0380 13.4086
Car -1 -1 3.5012 237.0470 185.9012 401.0060 249.0771 1.5708 1.6408 3.6232 -7.4781 1.5907 18.7451 3.1216 11.8228
Car -1 -1 -2.9840 456.3051 179.9230 520.9536 207.4998 1.5828 1.6090 3.5253 -6.9629 1.2801 42.0715 -3.1480 9.8550
Car -1 -1 -1.7019 682.4162 174.0633 748.1730 221.7777 1.4976 1.6664 4.2668 3.5572 1.1487 24.7015 -1.5588 9.6566
Car -1 -1 -1.6440 654.3863 175.2112 684.7417 199.3343 1.4273 1.5770 3.9964 3.7622 0.8365 44.5367 -1.5597 9.1567
Car -1 -1 3.3430 332.0092 186.5948 473.2702 232.8467 1.4438 1.6708 4.1885 -6.6461 1.4919 23.4833 3.0672 8.8164
Car -1 -1 -1.7612 713.2974 165.4530 819.4202 247.0685 1.7080 1.6823 4.0568 3.5724 1.2956 17.0818 -1.5551 7.6384
Car -1 -1 3.8261 0.0000 209.2848 196.6650 357.7061 1.4496 1.5784 3.6578 -6.9872 1.7509 8.1243 3.1158 7.4871
Car -1 -1 3.3605 368.7439 186.2511 481.7523 225.6745 1.4314 1.5952 3.8602 -6.8263 1.4727 26.9948 3.1128 3.3537
