Car -1 -1 3.4659 276.5821 188.9154 440.4751 249.5213 1.6310 1.6695 4.0524 -6.9847 1.7410 20.2947 3.1344 11.7309
Car -1 -1 3.6679 0.0000 201.4240 309.8215 313.6053 1.5149 1.7119 4.3805 -7.1347 1.7848 10.9498 3.0904 11.4031
Car -1 -1 3.8265 0.0000 203.7868 165.9228 353.7649 1.5557 1.6139 3.4797 -7.5502 1.8002 8.5433 3.1027 10.6593
Car -1 -1 3.5857 146.5983 201.2087 347.9152 271.0551 1.3810 1.5070 3.5422 -7.6395 1.7413 15.3533 3.1240 9.6427
Car -1 -1 3.3065 450.3737 189.4274 530.3576 215.9569 1.4274 1.6289 4.1559 -6.4765 1.6662 39.7549 3.1450 9.2063
Car -1 -1 -1.7057 674.7156 170.0372 751.5099 238.9277 1.9785 1.8081 4.4026 3.1891 1.5437 22.8459 -1.5670 9.0170
Car -1 -1 -2.9626 466.1913 186.4066 529.3126 208.0387 1.4965 1.6546 4.1747 -7.7465 1.5831 50.7067 -3.1142 4.4439
Car -1 -1 -2.1539 496.3592 183.5161 541.2042 205.6186 1.7385 1.6593 4.0703 -7.3020 1.6059 58.6244 -2.2778 0.7699
Car -1 -1 -0.5231 639.1996 184.1348 715.4488 212.5669 1.5514 1.6351 4.0305 3.9256 1.4935 40.7991 -0.4272 0.4824
Car -1 -1 0.1647 451.2706 186.3558 520.5200 213.6775 1.5303 1.6097 3.6944 -6.9627 1.5979 41.1362 -0.0030 -0.2332
