Car -1 -1 -1.7791 705.8815 180.0826 811.9662 249.4576 1.4754 1.6537 4.0782 3.4496 1.3673 17.3326 -1.5826 13.3857
Car -1 -1 3.5769 202.2814 191.8956 392.0058 257.9289 1.4124 1.5567 3.6532 -7.0277 1.5734 16.3725 3.1714 12.0654
Car -1 -1 3.2750 358.3241 182.9256 465.6908 223.1673 1.4527 1.6267 3.7073 -7.3123 1.3711 26.9945 3.0105 9.9072
Car -1 -1 -2.7671 236.2167 188.3551 414.5876 246.8154 1.4619 1.6149 4.0508 -7.3602 1.5491 18.8731 -3.1389 9.0700
Car -1 -1 3.2972 420.9224 178.6932 510.3373 211.0647 1.5043 1.6522 3.9791 -6.7600 1.2023 34.3045 3.1027 7.6631
Car -1 -1 -1.4515 642.2162 173.2313 667.8962 192.4126 1.4200 1.5582 3.5159 3.6363 0.5339 55.0844 -1.3856 5.8973
Car -1 -1 -1.6763 668.5599 164.5144 722.8914 213.9332 1.7872 1.6685 4.0323 3.3147 1.0397 28.0189 -1.5585 3.0540
Car -1 -1 -1.4490 501.9920 176.1485 530.4089 198.4738 1.6070 1.6830 3.5389 -6.7992 0.9555 53.5148 -1.5754 2.4538
Car -1 -1 -3.0180 490.5963 177.9232 538.4801 197.6499 1.5011 1.5573 3.5013 -7.1859 0.9473 55.4860 -3.1468 1.2217
Car -1 -1 -1.2259 403.2990 177.1011 478.9898 219.3825 1.6008 1.7278 4.0824 -6.7372 1.2947 29.3419 -1.4516 0.9929
Car -1 -1 -1.5018 661.2976 172.3478 701.2943 206.2849 1.5663 1.6775 4.1149 3.6364 0.9736 35.3449 -1.3993 -0.0030
Car -1 -1 -1.8026 729.8890 196.1186 871.8940 286.2326 1.3730 1.5729 4.3792 3.4102 1.6151 13.6806 -1.5583 -0.7523
