Car -1 -1 -1.8829 767.1366 193.3188 970.3894 314.4800 1.3907 1.5675 3.9071 3.4739 1.5320 10.4695 -1.5625 13.4542
Car -1 -1 3.3798 263.3450 193.2672 425.2632 245.6082 1.3664 1.5629 3.9879 -7.2870 1.6035 20.0651 3.0315 11.9381
Car -1 -1 3.2437 374.1407 187.4684 488.2553 228.9680 1.5062 1.6698 4.0614 -6.6595 1.5963 27.3103 3.0045 10.9684
Car -1 -1 3.6637 34.4864 201.1939 318.0237 296.9395 1.4509 1.5847 3.7676 -7.0811 1.7365 11.9764 3.1297 10.8014
Car -1 -1 -2.8392 307.8108 186.8489 436.1533 237.8555 1.5431 1.6096 3.5199 -7.3902 1.5975 22.6250 -3.1549 10.3606
Car -1 -1 -1.6519 649.7676 180.0978 678.5749 202.8743 1.4722 1.6254 3.7511 3.7344 1.1425 48.3394 -1.5748 9.0557
Car -1 -1 -1.7456 692.7218 170.0456 775.3828 236.6793 1.7679 1.6885 3.9945 3.5450 1.3665 21.0725 -1.5790 8.2251
Car -1 -1 0.1227 474.0249 183.9864 531.9928 207.7614 1.4927 1.5958 3.5004 -6.6887 1.4167 45.9662 -0.0218 7.5805
Car -1 -1 2.1955 0.0000 199.4401 292.1422 375.0000 1.9390 1.8689 4.6383 -6.1951 2.1722 9.3707 1.6113 7.2950
Car -1 -1 -1.6614 674.4291 179.5499 724.9584 217.4516 1.3944 1.5990 4.2111 3.5425 1.1871 28.5738 -1.5381 6.9191
Car -1 -1 1.4895 652.4441 184.5237 677.8761 205.0251 1.4872 1.5911 3.8772 4.2672 1.4381 54.0825 1.5682 1.9244
