Car -1 -1 -1.8397 784.1559 176.3253 979.9182 293.2594 1.4451 1.6438 4.2339 3.8703 1.3363 11.0478 -1.5027 13.4429
Car -1 -1 -1.7333 685.3122 174.3355 739.8375 211.7563 1.4966 1.6558 4.0940 4.3804 1.0626 30.8104 -1.5920 13.3715
Car -1 -1 3.3660 389.5102 181.0577 491.8462 218.7850 1.4527 1.5615 3.6933 -6.5981 1.2938 28.4638 3.1383 11.1398
Car -1 -1 3.6792 0.0000 194.6235 328.1595 321.1773 1.5749 1.6590 4.0550 -6.2723 1.7179 9.9524 3.1168 10.8415
Car -1 -1 3.2946 431.0422 177.4584 521.8010 211.6664 1.5577 1.6425 3.9709 -6.1186 1.2056 33.6045 3.1145 7.7360
Car -1 -1 3.3079 413.4355 179.2314 508.7375 213.1042 1.4250 1.5881 3.8307 -6.3242 1.1744 31.0972 3.1072 6.6940
Car -1 -1 3.6589 150.0309 200.8333 386.0771 278.1195 1.3244 1.5036 3.7859 -6.3680 1.6401 13.5761 3.2203 6.3344
Car -1 -1 -2.2030 1028.1926 186.3888 1240.0000 375.0000 1.4497 1.5606 3.5510 3.5608 1.4595 3.4814 -1.4063 6.2103
Car -1 -1 -1.5078 675.0395 173.1298 707.3883 201.0482 1.5370 1.6300 3.6714 4.8312 0.8728 41.5238 -1.3920 4.0795
Car -1 -1 -2.5190 460.6627 177.8919 537.1146 204.5795 1.4502 1.6420 4.0909 -6.2059 1.0534 40.7197 -2.6703 3.0349
Car -1 -1 0.1945 530.8319 176.8383 577.1497 195.6740 1.7193 1.7804 4.0209 -4.9787 0.9558 66.7375 0.1200 0.3218
Car -1 -1 -1.7226 699.8786 176.0917 748.8528 210.7707 1.5242 1.6449 4.1209 5.3563 1.1243 33.6565 -1.5647 0.1504
Car -1 -1 -3.2435 659.1800 171.7946 715.2989 191.9967 1.5496 1.6622 4.1945 6.1413 0.5213 55.9826 -3.1342 -1.3389
