Car -1 -1 3.5027 227.4141 188.5048 416.6478 257.5328 1.5930 1.6827 3.9521 -6.9039 1.6784 17.5371 3.1277 13.1697
Car -1 -1 3.6761 31.6073 204.3511 297.5207 290.5654 1.3810 1.5057 3.7374 -7.6969 1.7392 12.6324 3.1289 12.9032
Car -1 -1 -1.7292 682.8744 163.1119 775.4077 244.7656 2.0307 1.8275 4.4907 3.2094 1.4821 20.1198 -1.5711 9.7705
Car -1 -1 3.8371 0.0000 197.9262 222.5047 364.1935 1.6833 1.7616 4.4176 -7.2068 1.8481 8.3339 3.1241 6.8094
Car -1 -1 3.2834 458.4108 183.4545 525.3403 205.6959 1.4518 1.6604 4.2011 -7.6857 1.3379 47.7848 3.1240 5.4616
Car -1 -1 0.2694 434.1335 186.0854 520.0658 214.5972 1.4240 1.6493 4.0559 -6.7116 1.4710 36.9623 0.0898 4.5095
Car -1 -1 -1.4609 659.1468 181.8203 698.6414 213.0158 1.5536 1.6639 3.7856 3.7590 1.3856 37.8210 -1.3618 3.1501
Car -1 -1 -1.6300 643.4218 176.4661 672.1044 203.9131 1.7833 1.6990 3.9589 3.3259 1.2160 48.6900 -1.5618 2.1305
Car -1 -1 -2.4187 484.0952 181.3133 536.4855 201.6205 1.4654 1.5930 3.7526 -7.2959 1.1849 53.5731 -2.5541 -0.4616
Car -1 -1 -2.9758 489.4669 181.2006 544.7936 200.4726 1.4535 1.6279 3.9955 -6.9365 1.1518 55.1084 -3.1010 -0.8255
Car -1 -1 -0.8786 646.1772 182.4689 709.4579 211.5662 1.5523 1.5974 3.5909 3.9185 1.4069 40.1789 -0.7814 -1.2479
