Car -1 -1 3.2918 301.0080 186.7185 437.5609 235.9974 1.4308 1.6187 3.7754 -7.2528 1.4804 22.0493 2.9740 12.9691
Car -1 -1 -1.8365 744.4327 191.5646 903.0149 293.3376 1.4395 1.5861 3.8406 3.4428 1.5666 12.3299 -1.5643 12.6593
Car -1 -1 3.7121 23.9800 201.5901 313.8160 304.5692 1.4793 1.5992 3.6612 -6.8901 1.7607 11.4454 3.1702 11.7496
Car -1 -1 3.6069 111.0191 191.2912 355.6342 275.4737 1.5232 1.6405 3.8961 -7.1813 1.6495 13.9634 3.1319 9.3888
Car -1 -1 -1.6714 669.1460 175.5353 716.8343 213.1094 1.4925 1.6164 3.8374 3.5145 1.1091 30.4813 -1.5566 9.0734
Car -1 -1 -1.6190 649.9246 176.0143 675.4401 198.4865 1.5132 1.5930 3.8018 3.7908 0.8947 50.3231 -1.5438 8.4359
Car -1 -1 -3.0383 385.3461 181.7621 494.0791 221.4914 1.5620 1.6658 4.1731 -6.8154 1.4273 29.3447 -3.2665 7.7969
Car -1 -1 -2.9633 328.7431 180.3643 444.7741 229.0253 1.5948 1.6223 3.5605 -7.5141 1.4370 24.5724 -3.2601 7.1913
Car -1 -1 -1.7319 681.8788 164.9444 752.9831 225.5951 1.7767 1.6538 3.6437 3.3612 1.1840 22.8886 -1.5861 2.7841
Car -1 -1 -1.4419 494.7279 177.9867 525.3891 202.1368 1.5792 1.6498 3.2817 -6.5987 1.1076 48.6473 -1.5767 2.5209
Car -1 -1 -1.6433 650.8979 180.8723 675.9612 200.3652 1.4544 1.6388 4.0554 4.2595 1.1315 55.6629 -1.5669 0.3754
