Car -1 -1 3.6006 96.6299 185.0880 367.5955 280.5917 1.7088 1.7740 4.2629 -7.0775 1.7076 13.7780 3.1261 12.6045
Car -1 -1 -1.7820 693.8706 157.3100 817.2644 260.0044 2.0139 1.8129 4.3415 3.1173 1.4678 16.2834 -1.5928 11.0803
Car -1 -1 3.8389 0.0000 205.4835 173.7155 335.8795 1.4196 1.5467 3.5957 -7.6824 1.6937 8.8742 3.1254 9.5098
Car -1 -1 -2.9227 412.6439 184.3525 501.3013 216.1412 1.4298 1.5660 3.7504 -6.9383 1.3921 33.1355 -3.1291 9.4413
Car -1 -1 -1.6706 656.0068 180.9584 696.3913 211.7667 1.3797 1.5350 3.6575 3.1553 1.1902 34.0232 -1.5781 8.6391
Car -1 -1 0.0444 642.1691 174.3627 702.9519 202.5942 1.6739 1.6023 3.6100 3.9334 1.0316 43.6551 0.1343 4.4292
Car -1 -1 -2.0146 467.6175 180.5243 515.3600 205.0295 1.4557 1.5861 3.4599 -7.2672 1.1782 44.5736 -2.1762 3.0955
Car -1 -1 1.8425 524.1628 178.5133 549.3020 194.0729 1.4844 1.5775 3.4765 -6.9354 0.8461 70.4229 1.7443 2.3592
Car -1 -1 -0.1407 653.1587 182.7414 736.9200 216.6225 1.4356 1.4994 3.4345 3.7170 1.3319 31.2425 -0.0222 1.8373
Car -1 -1 0.0801 635.9105 177.4522 690.7840 198.9581 1.4940 1.6159 3.7674 3.9457 0.9558 51.0280 0.1573 0.0477
Car -1 -1 3.3773 185.9957 200.1793 372.9324 267.8867 1.5164 1.6453 3.9321 -8.0197 1.9124 17.7906 2.9538 -0.7977
