Car -1 -1 3.4188 330.4371 184.7954 468.6795 234.7123 1.4570 1.5586 3.7376 -6.2718 1.4458 21.7639 3.1382 16.0459
Car -1 -1 -1.8304 712.4788 179.1218 795.5690 228.3913 1.4948 1.6707 4.1759 4.7143 1.3111 23.9442 -1.6360 13.9241
Car -1 -1 3.3436 392.7776 182.1723 508.3467 226.0578 1.5907 1.6125 3.9806 -5.8514 1.4815 26.8828 3.1293 11.2607
Car -1 -1 -0.6922 1103.2908 184.2862 1240.0000 248.7583 1.3956 1.5990 4.2255 13.9208 1.3766 16.3823 0.0122 10.6883
Car -1 -1 3.3663 375.7414 184.9959 492.5848 227.3462 1.3894 1.5122 3.6031 -5.8603 1.3833 24.3562 3.1302 8.8049
Car -1 -1 3.8665 0.0000 201.7500 201.8782 375.0000 1.5747 1.7428 4.2989 -6.5688 1.7552 6.8360 3.1011 7.5092
Car -1 -1 -0.8180 1031.2487 183.2977 1240.0000 375.0000 1.6295 1.6982 4.2910 5.2023 1.6214 4.4006 0.0507 6.7019
Car -1 -1 0.2641 525.6934 177.2859 573.1618 196.2167 1.5529 1.6015 3.6645 -4.8735 0.9035 60.0843 0.1831 5.4826
Car -1 -1 -1.6774 695.4078 176.7463 737.9578 211.0846 1.5717 1.6302 3.8163 5.1897 1.1852 34.8400 -1.5296 5.3607
Car -1 -1 0.1243 488.9205 180.0294 558.4179 207.2705 1.5761 1.6534 3.9006 -4.9510 1.2771 42.4292 0.0082 2.7554
Car -1 -1 -1.7505 727.4515 183.2834 764.7929 208.7172 1.4855 1.5887 3.7229 8.3671 1.3738 43.8508 -1.5620 -1.2549
