Car -1 -1 3.5822 28.0915 191.1282 287.3466 280.4543 1.4955 1.5584 3.7112 -8.1031 1.6128 13.1429 3.0297 16.6721
Car -1 -1 -1.8797 661.6992 179.1193 787.2186 250.9334 1.4485 1.6349 4.1891 2.4948 1.3267 16.6940 -1.7314 13.4161
Car -1 -1 3.3057 286.0696 182.2813 402.1443 224.1235 1.3726 1.5047 3.5384 -8.9946 1.2775 24.6445 2.9558 11.7550
Car -1 -1 -1.6717 628.8999 172.0871 681.5765 219.9465 1.6989 1.6232 3.6891 1.7044 1.2340 27.3882 -1.6096 11.2735
Car -1 -1 3.5805 140.8601 190.3513 343.1113 255.9698 1.3697 1.4948 3.7134 -8.0409 1.4904 15.9272 3.1129 10.5887
Car -1 -1 -2.8391 191.3580 184.7226 375.0853 245.8783 1.4744 1.6015 3.9806 -8.2028 1.4636 18.3560 -3.2593 7.9495
Car -1 -1 3.6558 252.8159 183.0334 390.1791 232.9238 1.4958 1.5643 3.7211 -8.9835 1.4315 22.5753 3.2771 7.2420
Car -1 -1 0.0750 415.6926 177.2249 477.3345 202.3482 1.7526 1.7429 4.1754 -11.4790 1.1963 51.3067 -0.1451 7.0034
Car -1 -1 -1.7197 594.3888 173.2721 630.6049 200.7920 1.5626 1.6004 3.8152 0.2113 0.8856 42.8157 -1.7147 3.6239
Car -1 -1 1.9053 300.8260 140.2299 366.3825 181.9684 2.2188 1.9267 5.1403 -15.6272 -0.1968 41.2104 1.5429 -0.6612
Car -1 -1 3.0438 369.1655 176.4282 462.9131 215.9750 1.7640 1.7322 4.0819 -8.9992 1.3732 33.5906 2.7820 -0.6703
