Car -1 -1 -1.7528 690.8345 170.0029 751.5761 210.8830 1.5405 1.6960 4.1392 4.4820 0.9683 29.1781 -1.6004 14.8374
Car -1 -1 3.3807 380.0382 178.3646 487.1907 219.1254 1.4776 1.5612 3.6228 -6.4835 1.2303 26.8386 3.1436 13.5931
Car -1 -1 -1.8940 810.7538 175.5940 1061.0278 325.1617 1.5325 1.6598 4.0865 3.9012 1.4351 9.4568 -1.5027 12.0197
Car -1 -1 0.4142 62.2709 190.7561 354.1528 286.7187 1.4437 1.6035 3.9067 -6.4628 1.5439 11.8846 -0.0839 10.7544
Car -1 -1 3.7464 0.0000 193.6702 284.8157 348.7542 1.5816 1.6758 4.1465 -6.2544 1.6917 8.3441 3.1032 9.7361
Car -1 -1 3.3288 410.5419 177.7234 505.8004 212.5783 1.3924 1.5076 3.6108 -6.1238 1.0942 29.4984 3.1241 8.8791
Car -1 -1 -0.5477 669.8028 169.6032 750.9055 199.7589 1.5890 1.7293 4.1118 5.6078 0.7675 39.4833 -0.4066 2.8096
Car -1 -1 -0.7039 665.3232 169.8353 726.9979 193.6531 1.4719 1.6198 3.7800 5.6661 0.5226 46.1370 -0.5817 -0.1748
Car -1 -1 -3.2428 656.1037 175.7631 708.0070 193.7966 1.4832 1.6610 4.1573 6.1538 0.7069 59.9516 -3.1405 -1.0100
Car -1 -1 -1.6673 547.8507 172.7435 569.6957 189.6660 1.5124 1.6429 3.8349 -4.5504 0.3989 66.2670 -1.7358 -1.1661
