Car -1 -1 3.5377 193.5058 185.8844 406.9855 258.8434 1.5982 1.7190 4.2045 -7.0322 1.6156 16.6267 3.1375 14.3115
Car -1 -1 3.7068 0.0000 202.5898 273.2192 296.4687 1.3861 1.5200 3.6581 -7.6765 1.6890 11.6909 3.1258 12.7348
Car -1 -1 -1.7644 684.2638 162.6588 786.9074 246.9424 1.9818 1.8224 4.4768 3.2053 1.4526 19.1623 -1.5987 10.7389
Car -1 -1 -1.7046 653.1986 180.7863 692.7312 209.5664 1.4050 1.5375 3.6769 3.2727 1.1899 36.9620 -1.6163 8.5400
Car -1 -1 -2.3723 0.0000 205.1813 184.8598 375.0000 1.5466 1.6537 3.6829 -6.6907 1.7761 7.3361 -3.1117 6.1731
Car -1 -1 -1.6004 518.3260 177.5056 540.4465 197.2772 1.4581 1.5709 3.4309 -6.0180 0.8906 54.8172 -1.7098 5.1323
Car -1 -1 -2.9531 429.1883 184.7847 512.0588 212.4246 1.3534 1.5433 3.8535 -6.8496 1.3335 35.9689 -3.1412 4.8281
Car -1 -1 0.0063 460.5890 180.4751 520.2887 203.9652 1.4879 1.6135 3.7564 -7.6153 1.1887 46.6165 -0.1556 4.6808
Car -1 -1 0.0711 636.7664 179.8708 693.3949 200.3873 1.4237 1.5869 3.8998 4.0633 1.0540 50.9582 0.1507 1.3680
Car -1 -1 -0.1120 639.7508 175.6717 705.0831 202.6251 1.7200 1.7185 4.0648 4.1476 1.1121 46.7749 -0.0236 0.3960
Car -1 -1 -0.2554 634.7754 177.2550 685.3709 196.9587 1.4553 1.5614 3.5223 3.9102 0.8685 54.1796 -0.1833 -0.5665
