Car -1 -1 -1.7921 720.1236 183.3763 840.4668 261.3775 1.4431 1.6033 3.9901 3.4562 1.4102 15.2916 -1.5698 13.9627
Car -1 -1 3.2906 333.7409 186.7204 457.1698 228.3893 1.3850 1.5880 3.9280 -7.3398 1.4407 25.0186 3.0053 12.0264
Car -1 -1 3.6394 145.7899 197.1657 363.6302 272.8511 1.3934 1.5712 3.5977 -7.0003 1.6478 14.3682 3.1861 11.2827
Car -1 -1 3.5214 192.7885 189.2411 395.0875 255.8755 1.4734 1.6291 4.0362 -7.2893 1.5739 16.8674 3.1135 9.5432
Car -1 -1 3.4079 354.7415 181.3910 462.4250 224.2913 1.5909 1.5960 3.6747 -7.5871 1.4502 27.4582 3.1383 8.1528
Car -1 -1 -1.7863 639.8373 174.6600 671.3551 195.2225 1.4674 1.5830 3.6279 3.4863 0.7153 53.2083 -1.7208 7.0509
Car -1 -1 -1.6567 680.1197 168.9952 733.7972 220.5008 1.7163 1.5919 3.5242 3.4469 1.1769 25.7483 -1.5236 5.9118
Car -1 -1 -1.4551 499.8029 178.6457 528.3182 201.7582 1.6081 1.6458 3.4955 -6.7329 1.1521 51.7715 -1.5844 5.8356
Car -1 -1 -1.5292 457.8510 178.7648 498.3612 217.2813 1.6819 1.6992 3.5901 -5.9835 1.4013 33.2805 -1.7071 3.3325
Car -1 -1 1.6813 514.1983 175.8098 541.1807 197.3753 1.5738 1.6114 3.9000 -6.0410 0.8885 54.4071 1.5707 0.2447
