Car -1 -1 -1.7401 689.2065 173.8125 745.2539 212.1304 1.4858 1.6490 3.9124 4.4334 1.0448 29.8437 -1.5926 14.8454
Car -1 -1 3.3774 387.3670 180.0858 490.7455 219.4799 1.4712 1.5521 3.6068 -6.4681 1.2808 27.6293 3.1474 13.3621
Car -1 -1 -1.8725 794.9134 175.8174 1014.6102 304.6788 1.4710 1.6363 4.2005 3.8968 1.3648 10.3465 -1.5123 12.3253
Car -1 -1 3.6550 0.0000 193.9389 312.9138 333.2332 1.5572 1.6425 3.9364 -6.0920 1.6808 9.1210 3.0662 12.2545
Car -1 -1 3.5829 110.1469 197.2328 372.1728 288.4708 1.4809 1.5682 3.8289 -6.3838 1.7085 12.7128 3.1175 9.1666
Car -1 -1 3.4727 417.8169 178.2888 510.6648 213.7612 1.4543 1.5588 3.5475 -6.0867 1.1714 30.4768 3.2756 6.0473
Car -1 -1 -1.5228 674.6521 171.2967 706.2266 202.0705 1.6629 1.6063 3.6994 4.7022 0.9119 40.7968 -1.4080 4.5616
Car -1 -1 1.6481 545.6694 173.7564 565.5699 190.3166 1.4930 1.5718 3.5378 -4.8123 0.4610 66.5785 1.5759 3.6332
Car -1 -1 -1.4892 493.5350 176.9076 527.5382 204.3673 1.4675 1.5892 3.7905 -5.4397 1.0246 40.3473 -1.6232 2.8063
Car -1 -1 -1.5756 709.2679 176.8227 747.6132 211.9948 1.4956 1.6146 3.8495 5.4207 1.1399 32.5928 -1.4108 -0.8097
