Car -1 -1 3.4956 138.6084 197.1500 347.2688 274.3826 1.4745 1.5236 3.5694 -7.5088 1.7401 14.9699 3.0307 11.1085
Car -1 -1 -1.6596 647.3191 170.9213 695.9485 219.1479 1.9807 1.7479 4.2181 2.7048 1.3947 31.6319 -1.5743 10.5172
Car -1 -1 3.5383 180.8256 193.0051 367.5332 259.8201 1.5036 1.6126 3.7320 -7.9381 1.7010 17.2464 3.1069 10.2609
Car -1 -1 -2.9169 372.2921 182.9200 477.3458 224.4895 1.6234 1.6739 3.8248 -7.3416 1.5349 28.9521 -3.1652 9.1451
Car -1 -1 3.4693 253.7878 194.5789 423.8953 247.0917 1.3543 1.5324 4.0814 -7.3003 1.6222 19.6525 3.1136 8.7928
Car -1 -1 3.2899 464.2188 184.9986 520.1290 207.7334 1.5089 1.6111 3.5287 -7.7935 1.4956 48.5304 3.1306 8.2718
Car -1 -1 3.5975 315.0482 190.4752 430.9115 232.9731 1.3589 1.4781 3.4048 -7.9034 1.5442 24.1918 3.2817 6.1482
Car -1 -1 -0.0763 625.4776 176.7273 672.2351 195.4691 1.5200 1.6213 3.7262 3.3431 0.8327 59.1461 -0.0199 2.9934
Car -1 -1 -0.0972 632.4415 182.6677 688.7125 204.8174 1.4674 1.5839 3.6442 3.5097 1.2997 48.4570 -0.0249 2.8537
Car -1 -1 -1.2936 381.1827 191.2526 421.8473 215.6519 1.4932 1.6058 3.6422 -13.3754 1.9020 46.7146 -1.5724 1.0441
