Car -1 -1 -1.8756 681.4517 180.7505 803.1423 251.2439 1.4635 1.6319 4.1368 2.9859 1.3719 17.0774 -1.7025 13.9736
Car -1 -1 3.5832 84.8299 189.9984 321.5238 270.4704 1.4343 1.5511 3.6531 -7.6759 1.5333 13.8089 3.0759 13.4593
Car -1 -1 3.5170 175.5383 188.4660 370.4705 254.1035 1.4170 1.5476 3.7470 -7.6045 1.4966 16.4814 3.0847 11.9446
Car -1 -1 -1.6796 649.6815 175.1509 701.5838 217.3578 1.5241 1.6101 3.4680 2.5158 1.1618 27.7026 -1.5890 11.4669
Car -1 -1 3.4814 235.1084 182.2681 403.0604 242.7375 1.5311 1.6004 3.8218 -7.6034 1.4576 19.0729 3.1020 8.8725
Car -1 -1 3.2532 314.0477 183.8291 429.7923 227.2298 1.4547 1.5814 3.7086 -8.2295 1.4094 25.2402 2.9381 5.4739
Car -1 -1 -2.6449 288.2413 185.1422 417.6324 231.8927 1.4430 1.5831 3.6299 -8.2394 1.4419 23.2492 -2.9855 4.3215
Car -1 -1 1.7644 460.2686 177.2217 490.3173 198.8302 1.5293 1.5764 3.1809 -9.6555 0.9647 52.4723 1.5824 3.7294
Car -1 -1 -0.2029 479.0569 175.9798 522.4749 192.2817 1.4716 1.6106 3.7111 -9.8770 0.6390 66.2809 -0.3508 -0.3226
Car -1 -1 -1.4201 618.7531 177.1292 654.9254 202.8131 1.4741 1.6186 3.8507 1.7696 1.0111 43.2997 -1.3792 -1.0588
