Car -1 -1 -1.9270 798.1707 191.7576 1062.7634 351.7550 1.4536 1.5462 3.7784 3.4544 1.5504 8.5921 -1.5447 12.7210
Car -1 -1 3.3770 229.7984 189.0184 403.6333 250.9960 1.4619 1.5793 3.8021 -7.2631 1.5646 18.1383 2.9961 11.7160
Car -1 -1 3.8840 0.0000 214.9169 175.2079 371.3521 1.4183 1.5420 3.4728 -6.8278 1.7664 7.6030 3.1523 11.6427
Car -1 -1 -1.6892 678.0662 174.5019 735.8710 217.5814 1.4736 1.6278 4.1198 3.5573 1.1083 26.6576 -1.5565 10.9623
Car -1 -1 3.7105 0.0000 200.5633 270.6864 320.3288 1.4806 1.6313 3.9005 -7.0866 1.7151 10.0207 3.0950 9.6532
Car -1 -1 3.3585 351.5463 183.4813 484.2048 225.6953 1.4391 1.6500 4.2804 -6.6697 1.3811 25.4128 3.1018 9.1808
Car -1 -1 3.4901 275.0866 182.9757 421.2075 238.6652 1.5450 1.6282 3.6328 -7.4603 1.4840 20.7602 3.1451 7.2832
Car -1 -1 -1.6631 649.2093 174.4737 681.1923 200.1734 1.5880 1.6872 4.0239 3.6431 0.9254 46.4375 -1.5848 7.2726
Car -1 -1 0.1257 456.5650 180.9413 524.4861 206.6980 1.5460 1.6467 3.9326 -7.1655 1.2906 44.0376 -0.0356 6.7798
Car -1 -1 -1.7630 689.5307 162.5778 781.6092 232.6368 1.8143 1.7669 4.5134 3.5284 1.2292 20.8906 -1.5956 -0.8304
