Car -1 -1 -1.7451 760.0393 187.7772 961.7504 352.2932 1.5761 1.6215 3.7204 2.8067 1.6158 8.8940 -1.4394 12.9029
Car -1 -1 -1.3210 473.3204 189.4076 595.8064 266.5387 1.4155 1.6137 4.3371 -1.4750 1.5214 15.7025 -1.4146 12.8649
Car -1 -1 -1.6801 738.8014 179.6300 847.9050 270.9238 1.5308 1.6221 3.5553 3.4036 1.4383 13.9181 -1.4402 12.6300
Car -1 -1 -1.3184 679.8057 179.5957 724.5769 206.4356 1.4726 1.6110 4.0466 5.4891 1.1654 41.6150 -1.1872 6.4584
Car -1 -1 -1.4432 731.0185 181.2218 783.5102 221.2615 1.5562 1.6657 3.9003 6.2716 1.4021 30.0502 -1.2375 4.9167
Car -1 -1 1.7369 708.5093 182.8337 747.4979 209.6382 1.4543 1.6088 3.6764 6.8709 1.3262 40.9983 1.9030 4.3923
Car -1 -1 -1.6606 672.1703 182.1559 705.4918 206.4923 1.4811 1.7039 4.6170 5.1186 1.2960 46.0701 -1.5500 1.9324
Car -1 -1 1.6276 543.1945 191.9425 579.0359 223.5790 1.4677 1.5863 3.6325 -2.3186 1.8223 35.9430 1.5632 -0.0752
Car -1 -1 1.4001 711.9124 183.0235 749.5237 208.5400 1.4920 1.6300 3.8359 7.4428 1.3650 43.9498 1.5678 -1.0116
Car -1 -1 -0.1326 773.0647 182.2171 836.7806 206.4289 1.5269 1.6338 3.7799 12.6549 1.3390 46.3927 0.1337 -1.0203
