Car -1 -1 -1.6578 695.9519 179.0484 807.0685 271.7079 1.4162 1.5867 3.6602 2.3801 1.3231 12.8805 -1.4751 13.4158
Car -1 -1 -1.3160 633.2380 174.0461 689.1862 207.1483 1.4889 1.6687 4.2485 2.6088 0.9876 34.6094 -1.2408 11.3285
Car -1 -1 -1.3408 557.9023 174.9893 629.2249 222.2654 1.4547 1.5668 3.7978 -0.4337 1.1411 24.1364 -1.3588 11.1040
Car -1 -1 4.0039 0.0000 190.2556 122.5375 306.7723 1.4916 1.6325 3.9218 -9.4629 1.5726 10.3361 3.2626 6.8212
Car -1 -1 -1.3643 671.3075 175.8848 721.5978 208.3555 1.4615 1.6261 3.9116 4.2756 1.0426 34.4655 -1.2409 2.6421
Car -1 -1 -1.4482 732.4593 169.9983 784.7152 213.7697 1.6962 1.6705 3.8701 6.3059 1.1076 29.9534 -1.2407 1.4268
Car -1 -1 -1.8026 763.5061 182.2019 804.6724 205.5303 1.5102 1.7102 4.5260 11.8851 1.3162 48.8013 -1.5637 0.7433
Car -1 -1 1.4450 681.5729 183.7343 718.9257 209.8906 1.5241 1.7196 4.4313 5.5918 1.4390 44.1004 1.5711 0.4963
Car -1 -1 -1.2505 592.4007 178.5089 643.2880 207.8569 1.4693 1.6032 3.7132 0.5560 1.1347 38.0031 -1.2359 -0.3584
Car -1 -1 -0.7159 675.0308 186.2058 738.6721 209.6955 1.4928 1.6512 4.1036 6.5654 1.5621 47.6480 -0.5790 -0.4467
