Car -1 -1 -1.8762 480.3592 176.7790 626.1525 265.9771 1.4717 1.6559 4.0185 -1.2686 1.3336 14.0296 -1.9664 13.2950
Car -1 -1 3.6217 0.0000 181.0107 96.9454 268.8549 1.4873 1.5981 3.7282 -12.0641 1.4173 13.4071 2.8889 8.4669
Car -1 -1 -1.7012 441.9791 170.4032 505.4232 222.3627 1.6145 1.6524 3.4529 -4.6213 1.1554 24.2312 -1.8897 7.5644
Car -1 -1 0.1972 101.1962 170.3897 236.1927 219.5434 1.8065 1.7046 4.2259 -16.9616 1.2628 27.9385 -0.3484 6.9729
Car -1 -1 3.3950 0.0000 178.7865 156.3609 238.0451 1.4739 1.5503 3.4468 -14.2922 1.3151 19.2418 2.7561 5.9860
Car -1 -1 -0.9834 1139.4908 177.7943 1240.0000 294.5518 1.4473 1.5907 4.0315 9.8276 1.3564 10.1087 -0.2121 4.3352
Car -1 -1 3.3929 193.2924 173.4043 272.4842 202.5229 1.7512 1.6535 4.0643 -23.1596 1.0420 44.4934 2.9129 4.3173
Car -1 -1 3.5941 0.0000 187.4092 43.5680 294.8695 1.4622 1.6295 3.9859 -11.6384 1.5022 11.2831 2.7932 2.5982
Car -1 -1 2.1882 242.5818 171.3211 300.2072 194.9991 1.5049 1.6097 3.7117 -22.2554 0.6229 47.6551 1.7513 0.7140
Car -1 -1 1.9926 100.4075 165.7054 174.8606 203.7667 2.0079 1.7788 4.5654 -26.2702 0.9798 40.3118 1.4151 0.5677
Car -1 -1 0.3124 346.2975 172.1986 419.0101 197.0569 1.5024 1.6245 3.9678 -13.8500 0.7168 44.2732 0.0093 -0.1884
