Car -1 -1 -1.4102 367.3133 188.2504 502.6520 296.9444 1.5085 1.5881 3.7288 -2.7535 1.5683 11.9914 -1.6359 17.2078
Car -1 -1 -1.7883 599.5665 189.5522 661.2080 232.8652 1.4645 1.5394 3.5106 0.7290 1.6371 26.5455 -1.7608 14.2065
Car -1 -1 -1.8734 655.1003 182.5908 831.8955 296.7468 1.5541 1.6836 3.9769 1.9634 1.5195 11.8686 -1.7095 13.5816
Car -1 -1 -1.2435 47.5588 203.2308 430.9669 375.0000 1.4340 1.6283 4.2071 -2.8364 1.6536 6.5477 -1.6523 13.0648
Car -1 -1 -1.8677 568.7703 188.1474 631.8894 224.2633 1.4539 1.6356 4.0492 -0.4340 1.5922 31.4653 -1.8815 8.2789
Car -1 -1 -1.5865 494.2991 186.5290 513.6722 205.0649 1.5186 1.5676 3.7182 -8.8596 1.6350 61.1266 -1.7304 6.9059
Car -1 -1 -1.5938 497.8485 187.6245 516.8753 204.9823 1.4953 1.6004 3.5835 -9.0182 1.7184 64.3462 -1.7331 -0.5655
Car -1 -1 -1.3452 434.9206 182.1246 476.6526 209.0904 1.5286 1.6275 3.7374 -8.9853 1.3545 42.6283 -1.5529 -0.9941
Car -1 -1 0.0191 554.6793 188.4577 621.4336 214.6577 1.4910 1.6431 3.8190 -1.1612 1.6851 41.9507 -0.0086 -1.0659
Car -1 -1 2.9885 568.8784 184.5496 632.9168 208.3166 1.4792 1.6047 3.8830 -0.4826 1.4389 45.8437 2.9779 -1.1636
