Car -1 -1 -1.9038 667.4240 183.5770 876.0818 319.7940 1.5602 1.6531 3.8048 2.0252 1.5426 10.2276 -1.7083 14.6974
Car -1 -1 -1.3881 325.4769 187.0927 491.7209 325.9742 1.6250 1.6105 3.7725 -2.7097 1.6584 10.3993 -1.6430 13.6332
Car -1 -1 -1.8002 602.6278 190.0823 668.9683 237.4662 1.4944 1.5375 3.4380 0.8593 1.6764 24.8797 -1.7656 13.4600
Car -1 -1 -1.1273 0.0000 207.0939 398.8226 375.0000 1.5450 1.6641 4.1048 -2.7601 1.7583 4.8585 -1.6440 8.3764
Car -1 -1 -1.8962 569.8766 189.1205 642.3927 228.7402 1.4871 1.6929 4.3161 -0.1927 1.6624 29.7499 -1.9026 5.7969
Car -1 -1 -1.5949 492.3209 187.6871 512.5616 206.1126 1.4612 1.5631 3.7741 -8.7597 1.6739 59.5314 -1.7410 5.1355
Car -1 -1 -1.2746 495.3913 187.5568 525.8534 204.4035 1.4183 1.5935 3.8646 -8.5020 1.6317 63.1182 -1.4085 1.3042
Car -1 -1 0.1765 406.3032 178.2750 483.0615 208.6206 1.6584 1.7615 3.9449 -9.1086 1.2802 40.2519 -0.0461 0.7417
Car -1 -1 1.7323 480.1148 183.8198 505.1039 201.0213 1.4984 1.6095 3.9174 -10.3197 1.3779 64.5760 1.5738 -0.5476
Car -1 -1 -0.9958 422.4430 181.1830 496.4214 215.3509 1.4591 1.5965 3.5887 -6.7019 1.2880 32.6551 -1.1982 -0.8458
