Car -1 -1 -1.3679 377.3250 193.4128 519.5770 308.1156 1.5253 1.5407 3.4203 -2.4340 1.6774 11.5150 -1.5762 18.3708
Car -1 -1 -1.7220 663.5360 191.0520 741.6775 253.0674 1.5926 1.6694 3.6537 2.5838 1.7764 20.6531 -1.5976 15.5717
Car -1 -1 -1.4092 442.2893 196.2969 542.0815 273.8851 1.4283 1.5585 3.6195 -2.4252 1.6974 15.5630 -1.5638 11.0676
Car -1 -1 -1.6544 645.5908 189.2780 684.0651 219.3147 1.4440 1.6337 4.1109 2.8659 1.6669 37.1736 -1.5775 8.3122
Car -1 -1 1.6234 548.1611 186.2242 579.6856 213.5897 1.6194 1.7418 4.2790 -2.7121 1.6864 44.8396 1.5630 8.1680
Car -1 -1 -1.7326 621.6996 188.1199 654.8385 210.6680 1.5030 1.6824 4.1148 2.0833 1.7173 50.6090 -1.6914 7.8967
Car -1 -1 -2.2015 894.5832 212.8270 1240.0000 375.0000 1.4544 1.6137 3.8808 2.6679 1.6535 3.1575 -1.4999 6.9929
Car -1 -1 1.5585 605.1648 186.6506 624.4200 205.3457 1.6415 1.6984 4.2373 0.6049 1.7778 65.5624 1.5677 3.6398
Car -1 -1 1.4671 552.5972 184.9289 581.7752 209.9593 1.6446 1.6127 3.6962 -2.8316 1.6269 49.1815 1.4096 2.8581
Car -1 -1 1.5514 608.3630 189.4034 631.4108 210.1532 1.4746 1.6439 4.1570 0.8605 1.8025 54.0044 1.5673 1.1907
