Car -1 -1 -1.3800 390.1763 190.1991 526.2522 303.5433 1.5998 1.5886 3.3564 -2.3829 1.6957 11.9734 -1.5764 15.1592
Car -1 -1 -1.7262 665.8614 188.2563 741.6991 247.0702 1.5719 1.6609 3.5797 2.6972 1.6704 21.2090 -1.5997 13.7183
Car -1 -1 -1.4043 450.3263 190.1661 549.0077 267.4213 1.5247 1.6152 3.6279 -2.3678 1.6504 16.2493 -1.5490 12.2692
Car -1 -1 -2.1281 853.6214 206.2439 1240.0000 375.0000 1.5069 1.6221 3.9799 2.6833 1.6811 3.8835 -1.5235 11.2466
Car -1 -1 -1.6244 650.5399 186.7767 685.6488 215.8026 1.4347 1.6137 4.0396 3.0921 1.5223 37.7895 -1.5428 7.7720
Car -1 -1 -1.6517 551.2637 185.0235 581.2097 209.2108 1.4583 1.5805 3.7245 -2.6766 1.4478 45.2903 -1.7107 7.7632
Car -1 -1 -1.5217 563.4718 184.7511 587.8498 206.4753 1.4870 1.5594 3.4791 -2.2653 1.4563 50.9443 -1.5662 1.6194
Car -1 -1 1.5621 611.0910 188.4919 628.7732 204.7077 1.4654 1.6180 4.0393 1.1216 1.7847 67.8011 1.5786 1.4355
Car -1 -1 -1.7546 625.3185 186.3656 657.2045 208.2750 1.4853 1.6130 3.6129 2.3119 1.5707 50.8278 -1.7091 0.8791
Car -1 -1 -1.6060 625.6493 189.0563 647.7584 209.2269 1.5161 1.6034 3.7433 2.2357 1.8298 56.6183 -1.5666 -0.4788
