Car -1 -1 -1.7320 679.3762 186.3275 768.0799 246.6537 1.4155 1.6239 4.2586 2.9029 1.4495 19.0799 -1.5810 12.0248
Car -1 -1 -1.7655 629.5310 176.2882 683.6440 216.7965 1.7063 1.6917 3.8966 2.0924 1.3314 32.3176 -1.7008 11.7483
Car -1 -1 -1.4832 507.9564 181.6591 562.6367 225.3437 1.4959 1.6529 4.3097 -2.6559 1.3752 26.7754 -1.5821 9.1309
Car -1 -1 -1.6059 610.0423 185.2091 635.3417 207.1187 1.3733 1.5148 3.6979 0.9194 1.3741 46.9160 -1.5863 8.4344
Car -1 -1 -2.4486 898.3759 187.6686 1240.0000 375.0000 1.4999 1.6182 4.0202 2.5707 1.5159 2.3175 -1.6115 6.6585
Car -1 -1 -1.8297 514.5531 178.2647 572.0006 219.4424 1.7221 1.6667 3.6302 -2.9667 1.4326 32.0514 -1.9220 4.6181
Car -1 -1 -1.7751 500.3055 177.0848 531.3975 197.0843 1.4660 1.6044 3.8093 -7.0508 0.8711 54.7523 -1.9031 4.5098
Car -1 -1 1.7208 491.4198 176.1911 517.2709 196.5513 1.7321 1.6571 4.1020 -9.0670 0.9655 63.2080 1.5784 1.7085
Car -1 -1 -0.2103 597.0347 181.0405 654.8000 202.8295 1.5014 1.6122 3.8173 1.2424 1.2148 50.6737 -0.1858 1.2239
Car -1 -1 -1.6703 672.5537 185.6223 705.7891 210.9753 1.4665 1.6198 3.8370 4.8642 1.4933 43.5661 -1.5591 -0.2922
