Car -1 -1 -1.9301 681.8209 178.5643 938.1192 355.9706 1.6429 1.6196 3.7751 2.0588 1.5825 8.6272 -1.6958 15.2912
Car -1 -1 -1.7919 606.4317 187.9854 676.6421 237.1327 1.4496 1.5517 3.3336 0.9742 1.5469 23.1778 -1.7498 14.2438
Car -1 -1 -1.3130 256.7474 180.6809 481.9095 353.7397 1.6254 1.5910 3.7495 -2.6256 1.5839 8.6505 -1.6077 13.3161
Car -1 -1 1.2706 573.0314 184.9287 645.6550 226.3789 1.4821 1.6178 4.2683 -0.0670 1.4730 27.9780 1.2682 9.9372
Car -1 -1 -0.9547 0.0000 216.5639 341.1572 375.0000 1.5199 1.6252 4.0103 -2.7117 1.7549 3.3011 -1.6424 9.8038
Car -1 -1 -1.5903 494.5939 179.5644 515.3453 198.2977 1.4574 1.5777 3.6009 -8.3070 1.0189 57.8241 -1.7330 5.5646
Car -1 -1 1.5659 472.5703 178.8259 492.4401 196.4320 1.4861 1.6565 4.1266 -10.9727 0.9479 62.8508 1.3931 1.6502
Car -1 -1 -1.3454 427.8813 170.6568 461.3271 192.6142 1.5940 1.6391 3.8423 -12.2532 0.5382 54.1038 -1.5681 0.6970
Car -1 -1 -1.6638 426.4879 174.9896 464.6046 207.9264 1.7219 1.6937 3.8430 -9.0221 1.1884 39.6677 -1.8874 0.5058
Car -1 -1 -1.2594 489.3753 183.5310 522.0761 201.5308 1.5021 1.6592 3.9759 -8.7823 1.3626 62.0837 -1.3999 -0.2935
