Car -1 -1 -1.7242 656.0001 177.7109 748.4086 248.9296 1.5657 1.6824 3.6204 2.1569 1.4018 17.6355 -1.6025 16.7256
Car -1 -1 -1.3116 243.3121 182.4563 474.6227 349.3746 1.5399 1.5988 3.8097 -2.7078 1.5156 8.5683 -1.6177 14.4204
Car -1 -1 -1.3838 375.8893 182.9617 509.8804 283.7374 1.4991 1.5873 3.7621 -2.7617 1.4667 12.5927 -1.5997 13.0993
Car -1 -1 -1.7257 605.5885 172.1875 639.1441 198.3108 1.6489 1.6561 3.6563 0.8987 0.8277 47.2934 -1.7067 11.3362
Car -1 -1 -1.6225 635.0315 174.2536 673.7946 207.6238 1.4903 1.6277 3.6698 2.1203 1.0019 33.9441 -1.5601 8.8134
Car -1 -1 -1.5001 526.2414 173.9981 558.7915 200.3075 1.4506 1.6042 3.9354 -3.7594 0.8332 41.6136 -1.5902 8.3054
Car -1 -1 -1.7436 726.7121 174.6499 793.1121 228.3405 1.8255 1.7025 4.0477 5.4734 1.4674 26.4874 -1.5398 3.5376
Car -1 -1 -1.5702 590.9422 174.2069 610.3860 191.5469 1.4548 1.6314 4.0691 -0.6270 0.5323 62.3491 -1.5803 2.7479
Car -1 -1 -1.3220 535.6517 176.0354 572.4418 199.4582 1.4784 1.5530 3.7019 -3.5159 0.9001 47.3261 -1.3961 1.7604
Car -1 -1 1.3795 614.5386 179.6391 648.0869 200.4588 1.4272 1.6311 4.1625 1.6219 1.0460 51.4582 1.4110 0.0535
