Car -1 -1 -1.7837 679.7636 182.6771 829.9590 288.7898 1.5099 1.6634 3.7351 2.2375 1.4749 12.1166 -1.6011 16.0749
Car -1 -1 -1.7405 609.9127 172.3845 649.2994 202.5563 1.6738 1.6563 3.8688 1.1975 0.9631 41.9063 -1.7120 13.2662
Car -1 -1 -1.2204 135.3017 190.0923 460.2766 375.0000 1.5998 1.6244 3.7348 -2.6779 1.6616 7.0643 -1.5828 12.1374
Car -1 -1 -1.6145 521.6148 177.0925 557.9563 208.5532 1.4882 1.6305 4.0760 -3.4966 1.1051 36.1328 -1.7110 10.8952
Car -1 -1 -1.6711 641.9688 178.3743 693.9035 216.1493 1.3935 1.6342 4.1448 2.2831 1.1422 28.6025 -1.5914 9.6592
Car -1 -1 -0.9360 0.0000 195.7338 358.0066 375.0000 1.5219 1.6274 4.0161 -2.6512 1.6014 3.3165 -1.6103 7.9797
Car -1 -1 -1.5776 591.4707 174.8408 613.4136 194.9354 1.5299 1.6710 4.2438 -0.4528 0.7411 56.8602 -1.5855 6.0523
Car -1 -1 -1.4943 530.9558 172.9601 564.2756 201.4976 1.5867 1.6482 3.8399 -3.4875 0.9064 41.8909 -1.5774 5.3430
Car -1 -1 -0.3584 774.0847 164.7290 965.2393 239.1310 1.9518 1.7369 4.6210 7.0454 1.4155 19.7594 -0.0159 1.8659
Car -1 -1 -1.7656 616.0187 180.3437 653.3114 205.0458 1.5191 1.6559 3.9620 1.6619 1.2206 46.2906 -1.7298 0.2401
Car -1 -1 -1.5236 673.7204 184.3233 705.3574 211.9584 1.4670 1.5818 3.7570 4.5764 1.4208 40.1386 -1.4101 -1.1925
