Car -1 -1 -1.7879 607.8585 187.5529 679.4853 238.4597 1.4469 1.5169 3.3844 0.9999 1.5267 22.3898 -1.7433 18.0890
Car -1 -1 -1.2987 211.0418 185.9779 470.5539 375.0000 1.6078 1.6200 3.6895 -2.6205 1.6193 7.8234 -1.6219 16.2871
Car -1 -1 -1.9480 692.3348 180.8529 995.5927 375.0000 1.6203 1.6433 3.8204 2.0951 1.5867 7.6962 -1.6822 13.4277
Car -1 -1 -1.8787 571.7529 185.5467 649.5320 228.4755 1.4847 1.6854 4.3507 -0.0275 1.4994 27.2222 -1.8797 9.3555
Car -1 -1 -1.6189 493.0528 179.1622 515.3110 198.2271 1.4614 1.5753 3.4889 -8.2474 0.9985 56.9631 -1.7627 5.6160
Car -1 -1 -0.9167 0.0000 221.4411 284.0730 375.0000 1.4786 1.5877 3.9023 -2.7099 1.7182 2.6876 -1.7063 5.4625
Car -1 -1 0.2131 443.8275 177.1623 495.3389 195.5335 1.5358 1.6528 4.0329 -11.7029 0.8637 60.9634 0.0235 3.1944
Car -1 -1 -1.5364 424.7683 174.8137 459.1881 209.1740 1.7614 1.6840 3.9220 -8.9585 1.2293 38.9317 -1.7626 3.1308
Car -1 -1 -1.3349 422.6643 172.5305 458.6753 195.8137 1.6456 1.7091 3.9114 -12.2350 0.7502 52.7650 -1.5627 -0.8743
Car -1 -1 -1.6031 510.5618 181.2345 529.6598 198.8461 1.6304 1.6765 4.0586 -8.4049 1.2630 68.6779 -1.7248 -1.1664
