Car -1 -1 -1.3965 392.8105 187.0301 518.2285 280.4685 1.4675 1.6093 3.7732 -2.6937 1.5069 13.2673 -1.5968 16.4326
Car -1 -1 -1.7351 655.6090 183.3950 745.2086 249.5969 1.5059 1.6262 3.8151 2.1958 1.4656 18.2899 -1.6156 15.5688
Car -1 -1 -1.3069 282.0179 186.6901 480.2236 331.1686 1.4622 1.5080 3.2810 -2.6515 1.4852 8.9634 -1.5945 14.3063
Car -1 -1 -1.7389 606.1782 175.7703 641.3316 200.2641 1.5708 1.6874 4.1080 1.0052 0.9662 48.2518 -1.7181 9.5755
Car -1 -1 -1.6195 637.7388 180.3395 675.3166 211.2554 1.4075 1.6114 3.8168 2.2677 1.1866 34.6439 -1.5541 9.0853
Car -1 -1 -1.5804 533.6266 178.3679 562.0356 204.2136 1.4481 1.5893 3.8733 -3.5721 1.0655 42.2749 -1.6647 9.0428
Car -1 -1 1.5878 590.1560 175.9417 609.1283 193.6688 1.4924 1.5856 3.7463 -0.6907 0.7128 62.3945 1.5767 6.7968
Car -1 -1 1.5993 578.6971 176.8452 596.0770 193.1426 1.4753 1.5159 3.6128 -1.8808 0.7187 66.8757 1.5712 1.3742
Car -1 -1 -1.7457 723.9697 173.8708 791.6826 225.4982 1.8086 1.7713 4.3520 5.5741 1.4123 27.3771 -1.5449 0.6168
Car -1 -1 -1.3368 542.2016 177.9679 578.7701 201.1651 1.4783 1.5902 3.8027 -3.1226 1.0175 47.8148 -1.4020 0.1435
Car -1 -1 -0.6571 619.5906 181.0381 675.0305 203.3411 1.4825 1.5733 3.5966 2.7141 1.2059 49.4466 -0.6023 -0.0096
