Car -1 -1 -1.8816 721.9724 192.2708 978.8237 367.9177 1.5282 1.6312 3.6492 2.4086 1.6284 8.2444 -1.5974 15.0653
Car -1 -1 -1.6790 660.6179 187.5680 721.2000 232.8439 1.4186 1.6216 4.0666 2.7390 1.5075 24.7664 -1.5688 11.7061
Car -1 -1 -0.8644 0.0000 201.7072 364.7580 375.0000 1.5406 1.6305 4.0790 -2.6083 1.6593 3.0778 -1.5674 9.7013
Car -1 -1 -1.7705 621.7413 181.8325 666.5822 214.4710 1.6336 1.6419 3.7584 1.8382 1.4654 37.9577 -1.7221 9.2837
Car -1 -1 -1.5230 522.9768 186.5669 563.6353 221.7482 1.4755 1.6313 4.0832 -2.8791 1.5414 32.3768 -1.6117 5.7583
Car -1 -1 -1.7566 600.1777 185.7483 631.2660 206.9667 1.4960 1.6069 3.7740 0.5292 1.5378 52.7790 -1.7465 4.9825
Car -1 -1 1.4282 587.1558 184.7169 615.5697 204.1539 1.5053 1.6903 4.2871 -0.5690 1.4678 57.9133 1.4184 1.0909
Car -1 -1 -1.7355 589.1014 184.9652 631.9528 213.7837 1.4764 1.6606 4.1154 0.0644 1.4647 38.9883 -1.7339 -0.6348
Car -1 -1 -1.4746 634.9301 187.9256 669.6156 215.2050 1.4507 1.5990 3.8213 2.5312 1.6127 40.6382 -1.4124 -0.7403
Car -1 -1 -1.8477 675.1125 188.7844 713.7065 211.7321 1.4980 1.6413 3.8701 5.9103 1.7555 49.5979 -1.7291 -0.9023
