Car -1 -1 -1.3893 407.8872 187.3341 531.6805 289.0572 1.5439 1.5333 3.4323 -2.3395 1.5876 12.6953 -1.5716 16.7363
Car -1 -1 -1.7028 667.4305 184.8661 739.1225 240.5849 1.5467 1.6568 3.7330 2.7645 1.5381 21.8218 -1.5768 14.6213
Car -1 -1 -1.4044 456.8702 185.1193 554.9369 258.3848 1.5194 1.6473 3.8581 -2.3059 1.5186 16.8575 -1.5404 14.2061
Car -1 -1 -2.0735 835.5863 206.9168 1240.0000 375.0000 1.4940 1.6612 4.0721 2.7017 1.6891 4.3443 -1.5171 12.5794
Car -1 -1 -1.7792 626.0177 179.2560 660.2188 201.6625 1.5454 1.6809 3.8757 2.4778 1.1355 51.6231 -1.7312 10.5206
Car -1 -1 -1.6437 651.2307 181.9884 687.0892 210.8584 1.4587 1.6129 3.8826 3.1904 1.2967 38.2663 -1.5605 9.8953
Car -1 -1 -1.5371 557.9322 180.6322 585.9263 205.4014 1.5137 1.6550 3.9911 -2.2744 1.2347 45.9350 -1.5866 6.7147
Car -1 -1 1.5469 609.4375 179.1361 628.1532 196.5962 1.5616 1.6267 3.9248 0.9841 1.0190 66.2570 1.5618 2.5188
Car -1 -1 -0.9297 630.4022 180.1147 690.8328 207.2383 1.4926 1.5761 3.7033 3.0595 1.2131 41.4706 -0.8560 0.8894
Car -1 -1 1.5449 615.7589 180.8646 638.1721 201.8544 1.5439 1.6024 3.8582 1.4174 1.2250 54.8000 1.5707 -0.1089
Car -1 -1 1.6145 563.2149 180.9786 588.0957 202.4947 1.4781 1.6093 3.8664 -2.2779 1.1882 51.3148 1.5701 -0.1349
