Car -1 -1 -1.8119 520.3141 187.0884 684.4271 305.7894 1.4912 1.6309 3.6825 -0.3121 1.5264 11.0819 -1.8400 13.2282
Car -1 -1 -1.4575 254.7802 187.0802 340.7254 255.0503 1.4984 1.5731 3.4037 -7.6132 1.5505 17.8008 -1.8617 10.9552
Car -1 -1 -1.7158 445.3221 179.1751 503.9083 222.5485 1.5664 1.6870 3.9194 -5.3046 1.3494 28.0848 -1.9025 6.6579
Car -1 -1 -1.4485 278.0505 189.0102 353.0512 245.1057 1.5056 1.6304 3.8239 -8.7281 1.6318 21.6265 -1.8321 5.7059
Car -1 -1 2.4175 0.0000 236.9659 97.2805 375.0000 1.4664 1.6107 4.1275 -3.7481 1.7945 2.3722 1.4110 4.8771
Car -1 -1 1.8781 342.9882 180.4370 386.3045 202.6680 1.4765 1.6567 4.1880 -16.8164 1.1602 49.8471 1.5528 4.2354
Car -1 -1 1.8914 347.7419 179.0248 385.7844 199.7370 1.5335 1.6344 3.8631 -18.4563 1.0763 55.1520 1.5685 1.1080
Car -1 -1 1.6807 398.4172 181.0893 420.2097 197.4838 1.5562 1.6396 3.8826 -19.3752 1.1656 70.2775 1.4117 0.0184
Car -1 -1 1.8097 411.9834 176.8940 445.6370 197.7064 1.5827 1.6560 4.0938 -14.0861 0.9510 56.7132 1.5663 -0.4618
Car -1 -1 -1.5627 468.9926 184.2697 500.8580 214.8350 1.6359 1.6873 4.0468 -6.9489 1.5864 40.6022 -1.7322 -0.4787
Car -1 -1 -1.3550 430.6119 179.4078 472.1946 210.2538 1.8023 1.6516 4.0964 -9.5477 1.4641 44.0485 -1.5684 -0.6481
