Car -1 -1 -1.7387 631.0853 171.6030 681.1012 211.2967 1.7625 1.6882 4.0984 2.1880 1.1592 34.0402 -1.6745 13.3441
Car -1 -1 -1.4979 516.3846 180.0263 563.5096 219.4533 1.4404 1.5583 3.9904 -2.6388 1.2519 28.2684 -1.5910 12.3225
Car -1 -1 -1.7003 675.5405 181.0682 752.8068 235.8225 1.4107 1.6188 4.3476 2.9038 1.3050 20.6992 -1.5609 11.9112
Car -1 -1 -1.7704 605.1851 180.6495 638.1654 202.2778 1.4064 1.5302 3.6651 0.8827 1.1106 48.6801 -1.7523 7.0539
Car -1 -1 -1.5066 530.7482 174.6134 572.5394 212.8441 1.7038 1.7138 4.1797 -2.6368 1.2324 34.1328 -1.5837 6.9953
Car -1 -1 -2.1041 814.5148 185.6431 1240.0000 375.0000 1.6291 1.6451 3.7091 2.5217 1.6338 4.2521 -1.5688 5.3170
Car -1 -1 -1.5418 696.7487 183.2453 725.0176 209.4865 1.5549 1.6294 3.7261 6.4022 1.4392 44.5653 -1.3991 1.4669
Car -1 -1 1.5830 592.9439 180.1182 613.6749 199.2845 1.4766 1.5974 3.8240 -0.3475 1.0850 57.2958 1.5769 1.2547
Car -1 -1 -1.8267 667.1324 180.7532 708.8051 206.0837 1.5242 1.6408 4.0187 4.9833 1.2568 45.3594 -1.7173 0.1088
Car -1 -1 -1.6563 650.1750 179.8438 689.0511 211.1201 1.4979 1.6230 3.8769 3.0457 1.2418 36.3651 -1.5727 -0.5535
