Car -1 -1 -1.7632 676.0629 185.5848 812.7257 286.0129 1.5300 1.6531 3.7672 2.2185 1.5388 12.8631 -1.5924 13.9616
Car -1 -1 -1.2486 180.2681 194.7342 468.3486 375.0000 1.5082 1.6415 3.8353 -2.7172 1.6373 7.7317 -1.5866 13.2183
Car -1 -1 -1.7307 609.1102 178.3033 647.5335 205.8197 1.5541 1.6595 3.9732 1.1448 1.1648 42.6755 -1.7039 12.6225
Car -1 -1 -1.6451 642.5912 180.7208 689.1929 218.0757 1.4180 1.5886 3.9004 2.2645 1.2485 29.2374 -1.5678 11.5066
Car -1 -1 1.6598 517.7986 178.0153 557.9504 211.2697 1.6084 1.6858 4.1688 -3.5559 1.2613 36.8559 1.5636 9.9372
Car -1 -1 2.2864 0.0000 190.4266 347.2995 375.0000 1.6031 1.7374 4.4517 -2.7429 1.6421 2.9592 1.5389 7.7721
Car -1 -1 -1.4814 531.6976 182.9205 564.2845 209.6136 1.5059 1.5940 3.6963 -3.5106 1.3775 42.4033 -1.5641 2.9899
Car -1 -1 1.5813 590.2750 181.4522 611.6616 201.0438 1.5223 1.6618 4.0559 -0.5412 1.2310 57.8805 1.5720 2.9292
Car -1 -1 -1.1421 572.0468 180.8472 604.8149 198.7892 1.4910 1.5330 3.4020 -1.6389 1.1291 61.6000 -1.1687 1.6290
Car -1 -1 -0.4936 645.3695 184.3417 703.6926 204.4048 1.4403 1.6033 4.0113 4.9186 1.3787 53.1235 -0.4013 0.8735
