Car -1 -1 -1.6358 586.5254 183.2091 625.2079 215.9591 1.4333 1.5486 3.6494 -0.1690 1.3466 33.3314 -1.6409 13.1581
Car -1 -1 -1.4437 367.1798 168.7770 473.0639 270.1493 1.8896 1.6929 4.0062 -3.9372 1.5843 15.4873 -1.6927 9.4348
Car -1 -1 -1.5484 459.7141 156.7253 506.8807 218.1406 2.4277 1.8467 4.9756 -5.3439 1.3026 31.0092 -1.7190 7.9668
Car -1 -1 -0.8290 952.4981 166.6794 1240.0000 312.8853 1.5254 1.5860 3.5316 6.1795 1.3331 8.6364 -0.2079 6.6202
Car -1 -1 -1.6320 499.8651 178.7424 522.4599 197.5251 1.4494 1.5564 3.7920 -7.7659 0.9510 57.4796 -1.7663 6.1211
Car -1 -1 -1.1921 27.2755 203.0917 403.3103 375.0000 1.4803 1.5681 3.7791 -3.1236 1.6924 6.5454 -1.6373 5.0079
Car -1 -1 -1.7033 578.0529 181.7811 617.1230 212.2830 1.5458 1.6117 3.6068 -0.6173 1.3728 38.3289 -1.7194 4.7709
Car -1 -1 -1.4305 603.7393 185.1873 633.9362 207.2636 1.4720 1.5958 3.6954 0.7838 1.4713 49.8778 -1.4148 1.5224
Car -1 -1 2.2274 984.3391 189.4972 1240.0000 375.0000 1.5003 1.6186 3.8810 3.8709 1.5240 2.9805 3.1420 1.1316
Car -1 -1 -1.2758 496.8765 184.6537 527.8786 202.2403 1.4661 1.6082 3.8206 -8.1921 1.4204 61.9381 -1.4073 -0.9262
Car -1 -1 -1.3716 431.3916 154.7929 477.7994 189.3977 2.3235 2.1339 5.7370 -10.8241 0.2819 51.1418 -1.5802 -1.3336
