Car -1 -1 -1.5982 584.7756 179.3229 620.3397 211.0099 1.4218 1.5765 3.7029 -0.3251 1.1585 34.1311 -1.6078 14.4367
Car -1 -1 -1.4471 376.7865 164.0497 475.9147 261.2880 1.9150 1.6670 4.0873 -4.0100 1.4993 16.2809 -1.6886 9.2810
Car -1 -1 -1.6045 464.0901 157.3636 511.8589 213.7394 2.2926 1.9014 5.0520 -5.4260 1.1611 31.8945 -1.7730 6.8680
Car -1 -1 1.8564 17.8735 199.5736 399.0189 375.0000 1.5130 1.7071 4.5124 -3.2091 1.6972 6.8019 1.4156 6.3189
Car -1 -1 1.2131 489.5992 175.2551 524.3159 195.6015 1.5862 1.5843 3.6769 -8.1821 0.8108 58.0314 1.0730 3.3644
Car -1 -1 0.6448 895.2894 224.3974 1240.0000 375.0000 1.5052 1.6705 4.1544 2.9111 1.7753 2.7723 1.4546 2.9232
Car -1 -1 -1.5066 438.5622 155.6693 469.9430 187.2591 2.1577 1.8828 5.1951 -11.0231 0.1407 51.8034 -1.7162 1.6895
Car -1 -1 1.6973 502.6286 179.6907 527.1666 197.7865 1.4829 1.5871 3.8594 -7.8384 1.0313 60.8367 1.5692 0.4471
Car -1 -1 -1.5758 612.7243 182.6026 636.1891 204.0819 1.4598 1.5948 3.7110 1.1460 1.2833 50.7214 -1.5533 0.2650
Car -1 -1 -1.4294 603.5693 181.3660 637.2217 205.4265 1.4849 1.6332 3.9631 0.8360 1.2485 46.4481 -1.4114 -1.2770
