Car -1 -1 -2.0385 833.1463 187.3207 975.0816 252.2355 1.4021 1.5471 4.0412 7.0766 1.4613 17.7388 -1.6589 16.4528
Car -1 -1 -1.1576 212.4439 159.1596 341.2532 230.3930 1.5753 1.5951 3.4913 -8.0149 1.0002 17.6492 -1.5839 13.3198
Car -1 -1 1.6492 497.2426 164.8008 552.2011 213.9147 1.6681 1.6939 4.0972 -3.0199 0.9759 26.4891 1.5356 13.3152
Car -1 -1 1.1136 924.1149 186.3860 1085.0999 255.4593 1.5047 1.7207 4.3792 9.6169 1.5387 17.9492 1.6054 12.6172
Car -1 -1 -1.6189 614.7708 175.7932 648.4042 203.8015 1.5234 1.7149 4.2578 1.2902 1.0120 41.2383 -1.5876 11.2642
Car -1 -1 2.0266 77.2713 158.2318 233.0300 228.1183 1.4981 1.6283 3.9013 -10.8023 0.9208 17.4275 1.4717 10.8260
Car -1 -1 0.8980 1009.0837 179.7657 1202.6044 257.2781 1.7103 1.6594 4.2817 12.1899 1.5911 18.0570 1.4918 8.0270
Car -1 -1 2.2176 0.0000 158.5645 131.0548 225.2733 1.4190 1.5767 4.0394 -13.6321 0.8532 17.3228 1.5508 7.9925
Car -1 -1 -1.7526 612.1441 179.8185 646.0606 203.9020 1.4415 1.5181 3.3961 1.2692 1.1195 44.8156 -1.7243 4.1437
Car -1 -1 1.6517 513.7436 168.4999 557.0820 205.1076 1.6324 1.7125 4.2574 -3.4102 0.8881 34.1949 1.5523 3.9804
Car -1 -1 -1.3526 546.4217 171.8020 588.2613 199.2225 1.5201 1.6161 3.9734 -2.3319 0.7776 41.9390 -1.4081 1.2562
Car -1 -1 1.5710 602.8837 177.7940 625.4832 199.1067 1.5124 1.6039 3.8349 0.4529 0.9869 52.9334 1.5795 0.6775
