Car -1 -1 -1.9943 823.2580 189.6751 942.4975 245.0791 1.4081 1.5859 4.2409 7.7411 1.5516 20.7837 -1.6377 14.6428
Car -1 -1 -1.2288 304.6874 163.6527 406.0646 222.4038 1.5848 1.6340 3.8424 -7.3928 1.0043 21.3146 -1.5627 12.8277
Car -1 -1 1.9749 187.6493 163.5303 313.2626 220.9102 1.4828 1.6946 4.2547 -10.1655 0.9236 20.7415 1.5192 10.2825
Car -1 -1 1.6073 533.2427 169.7586 578.4095 214.4382 1.7266 1.7230 3.9550 -2.1252 1.1304 29.7814 1.5361 10.0015
Car -1 -1 -1.5939 639.3295 180.1299 667.3485 204.6122 1.4376 1.6217 3.7243 2.7343 1.1401 44.0984 -1.5320 9.3881
Car -1 -1 -2.2171 854.5859 189.9904 1240.0000 375.0000 1.4532 1.6380 4.1059 2.7809 1.4931 3.7660 -1.5810 8.2862
Car -1 -1 1.6233 546.3011 176.0164 582.4711 208.2626 1.5586 1.6424 3.8947 -2.1961 1.1151 36.6949 1.5635 2.3582
Car -1 -1 0.7570 1023.7411 191.1390 1240.0000 327.3339 1.4427 1.6022 3.7564 7.6735 1.5406 9.7585 1.4234 1.6362
Car -1 -1 -1.9104 908.7424 190.6109 1023.2774 248.8825 1.4763 1.6479 4.1283 10.1284 1.6493 20.7499 -1.4563 -0.8271
Car -1 -1 -1.7713 619.1938 182.8828 649.9926 202.4722 1.4756 1.6405 3.9884 2.0449 1.3010 56.2468 -1.7349 -1.3513
