Car -1 -1 -2.0642 833.8070 188.9606 987.5499 260.9698 1.3961 1.5182 3.8082 6.5507 1.4915 16.1135 -1.6781 13.7501
Car -1 -1 1.6929 464.4970 164.6723 527.7456 221.5640 1.7876 1.6597 4.0154 -3.7744 1.1432 24.6149 1.5407 12.9674
Car -1 -1 1.0773 930.2335 186.3920 1112.1827 264.3713 1.5316 1.7183 4.2732 9.0746 1.5630 16.3285 1.5845 12.8667
Car -1 -1 -2.3157 1010.8270 174.8321 1232.1796 261.5809 1.7548 1.7471 4.2600 11.6329 1.5459 16.7674 -1.7091 9.8182
Car -1 -1 -1.0900 0.0000 168.6991 165.0615 247.4326 1.4444 1.6264 4.0424 -11.2745 1.1425 15.3057 -1.7249 8.8774
Car -1 -1 -1.5651 592.4142 174.7650 625.8200 206.3542 1.6417 1.7364 4.1577 0.0547 1.0997 39.4395 -1.5637 8.5211
Car -1 -1 -1.1213 129.8486 159.1664 287.0983 241.3424 1.5809 1.5851 3.5652 -8.5412 1.0809 15.6461 -1.6210 8.2869
Car -1 -1 1.6674 484.3976 171.1181 531.0439 210.6832 1.6441 1.6595 4.1896 -4.4188 1.0594 31.9950 1.5301 1.6229
Car -1 -1 1.5448 613.9166 180.0393 637.8615 202.8457 1.6328 1.6687 4.1178 1.2979 1.2633 53.5228 1.5690 1.1426
Car -1 -1 1.6612 524.5683 177.8826 555.6559 201.9826 1.4542 1.6074 3.9056 -4.2479 1.0129 45.3287 1.5678 -1.2403
