Car -1 -1 -2.0435 835.2423 186.8456 978.1396 252.4623 1.3904 1.5366 3.9142 6.9820 1.4354 17.3467 -1.6609 14.1648
Car -1 -1 -1.0725 52.7094 162.6051 217.3743 230.4464 1.4047 1.5648 3.8404 -10.9069 0.9377 16.8552 -1.6468 13.0269
Car -1 -1 1.1098 923.3096 186.7041 1085.0398 253.8649 1.4354 1.6486 4.4187 9.4611 1.4778 17.6918 1.6009 12.3556
Car -1 -1 -1.5601 612.8086 173.3692 643.7531 202.0014 1.5403 1.6655 4.1384 1.1555 0.9041 40.7679 -1.5318 10.9838
Car -1 -1 -1.1540 195.2895 157.5472 332.5668 230.3569 1.5613 1.6231 3.6434 -8.1237 0.9691 17.2510 -1.5941 10.1993
Car -1 -1 1.6706 490.4755 162.9023 548.1480 214.4908 1.7242 1.6654 4.2381 -3.1725 0.9796 26.1578 1.5499 8.4669
Car -1 -1 2.2309 0.0000 157.3977 115.5313 228.7363 1.4925 1.5600 3.8470 -13.7391 0.9116 16.9746 1.5504 6.9546
Car -1 -1 1.6570 505.6554 169.8519 550.2334 207.4214 1.6355 1.7092 4.1063 -3.6741 0.9678 33.3625 1.5473 1.6061
Car -1 -1 -1.6700 536.9411 171.0058 573.7110 201.1655 1.6545 1.7050 4.2226 -3.1153 0.8761 41.6574 -1.7447 1.2461
Car -1 -1 -1.5727 599.4568 178.3178 621.8476 199.5436 1.4969 1.5791 3.6548 0.1870 1.0116 52.5199 -1.5692 -0.8642
