Car -1 -1 -1.1219 133.1708 165.6409 270.0623 226.8372 1.4351 1.5703 3.9132 -10.5089 0.9772 18.8538 -1.6304 15.1914
Car -1 -1 -2.0217 831.9915 188.3222 960.6620 249.5621 1.4212 1.5670 3.8943 7.3689 1.5126 18.8843 -1.6497 14.6260
Car -1 -1 1.6648 513.4147 165.5134 567.2663 214.9260 1.7694 1.6961 4.0553 -2.5666 1.0650 27.7666 1.5726 14.0108
Car -1 -1 -1.1911 254.6098 160.1658 373.8403 225.8301 1.5819 1.6276 3.8643 -7.7458 0.9796 19.2487 -1.5737 12.5787
Car -1 -1 1.1306 919.1326 187.9963 1061.8046 252.0984 1.4953 1.6762 4.2066 9.9053 1.5785 19.0837 1.6094 12.5051
Car -1 -1 -1.7328 619.7656 175.1152 660.6807 204.6344 1.6537 1.7433 4.2424 1.8350 1.0890 42.4766 -1.6896 8.4749
Car -1 -1 -2.1605 982.3095 174.1523 1151.2142 249.9882 1.8704 1.7502 4.4414 12.4545 1.5987 19.9739 -1.6029 6.8084
Car -1 -1 2.1989 0.0000 164.7283 159.0295 229.5662 1.4433 1.6155 4.0320 -13.3480 0.9884 18.0217 1.5614 5.7235
Car -1 -1 -1.5202 537.6999 174.5007 571.4762 204.9575 1.6471 1.7195 3.9336 -3.0034 1.0687 40.8566 -1.5936 2.8208
Car -1 -1 -1.8479 1044.2846 198.0588 1240.0000 344.7013 1.4266 1.5336 3.4097 6.7790 1.6252 9.1821 -1.2120 2.3382
