Car -1 -1 -1.8414 803.1181 193.8360 971.6919 299.9152 1.4037 1.5668 3.6896 4.2868 1.5683 11.7194 -1.4907 14.6700
Car -1 -1 3.5482 196.2712 196.6727 425.2790 275.4909 1.4632 1.6267 3.9312 -5.8921 1.7081 14.4396 3.1608 14.1928
Car -1 -1 3.3806 418.2313 186.6530 526.8813 226.4699 1.4968 1.6231 3.8865 -5.2513 1.5557 27.9992 3.1952 14.0656
Car -1 -1 -1.8441 756.4351 186.4510 869.3776 257.3194 1.4694 1.5500 3.7715 4.6174 1.5028 16.8574 -1.5768 13.9966
Car -1 -1 3.7086 56.2117 204.2530 350.5541 305.0168 1.4041 1.5731 3.7659 -6.2447 1.7271 11.2510 3.2019 12.7599
Car -1 -1 -2.2464 1053.9804 208.0994 1240.0000 375.0000 1.5236 1.5960 3.7226 3.9392 1.7033 3.6451 -1.4223 10.8892
Car -1 -1 -1.6882 725.8329 180.1567 781.7465 224.5199 1.5209 1.5984 3.5377 5.2673 1.3486 26.4673 -1.4917 10.3570
Car -1 -1 2.3310 0.0000 215.4768 177.0852 375.0000 1.3704 1.5305 3.6178 -5.3552 1.6897 5.7376 1.5801 5.1726
Car -1 -1 -1.1751 698.4438 180.1664 751.8206 207.1800 1.4850 1.6417 3.9881 6.8190 1.2086 41.6396 -1.0127 4.8857
Car -1 -1 -1.6775 534.5400 182.9988 570.7094 211.7474 1.5228 1.6032 3.8387 -3.1486 1.4065 40.1080 -1.7559 3.5244
Car -1 -1 -2.3629 534.7414 183.7016 587.1210 205.3427 1.4436 1.5551 3.5390 -3.2789 1.3437 49.6933 -2.4288 2.1105
Car -1 -1 -1.5480 717.3418 181.4268 754.3870 214.5717 1.4814 1.6385 3.9253 6.1046 1.3132 34.2117 -1.3715 1.9766
Car -1 -1 -1.4874 540.3596 181.5445 571.1614 205.9741 1.4688 1.6205 3.7821 -3.2478 1.2492 45.1156 -1.5593 -1.1118
