Car -1 -1 -2.4779 415.7008 193.3296 620.3189 291.4032 1.4834 1.5800 3.2914 -1.6507 1.6444 12.6379 -2.6077 11.7781
Car -1 -1 -2.9025 742.2216 184.5248 831.8935 219.7508 1.5011 1.5902 3.6216 7.9826 1.4728 32.1731 -2.6593 10.6820
Car -1 -1 -2.7384 616.1566 187.9183 751.7018 245.3395 1.4658 1.5439 3.4174 2.0600 1.5477 19.9907 -2.6357 7.6920
Car -1 -1 -1.7167 846.7752 180.4616 885.2182 207.4205 1.5137 1.6061 3.6606 15.1222 1.2479 42.3114 -1.3735 4.9298
Car -1 -1 -2.0476 92.1666 198.1496 432.5619 375.0000 1.5495 1.7139 4.2355 -4.1473 1.7339 8.2453 -2.5137 4.8313
Car -1 -1 -1.9423 0.0000 212.8405 239.2755 375.0000 1.4692 1.5979 3.9245 -5.0776 1.7596 5.8973 -2.6531 3.9548
Car -1 -1 -1.3172 1041.3066 183.9951 1120.8954 226.3815 1.4398 1.5815 3.5579 17.2447 1.3995 26.1941 -0.7350 2.3418
Car -1 -1 -1.6074 1103.3434 190.9651 1228.8232 282.8673 1.4364 1.6520 3.9848 10.3567 1.5631 13.5990 -0.9565 -0.1769
Car -1 -1 0.2864 519.2341 194.5302 717.1698 272.0122 1.4405 1.6026 3.8390 0.1975 1.6535 15.0129 0.2995 -0.8168
Car -1 -1 -0.8082 876.9415 184.5984 930.1299 203.9760 1.4614 1.5998 3.8456 22.9137 1.4159 55.7203 -0.4180 -0.9610
