Car -1 -1 -2.0101 825.8345 189.1583 950.3654 246.9857 1.4017 1.5626 4.1243 7.5158 1.5232 19.8254 -1.6478 14.5600
Car -1 -1 -1.1699 167.6038 165.1781 293.8507 223.8294 1.4563 1.6115 4.1176 -10.3293 0.9599 19.9599 -1.6475 14.0338
Car -1 -1 1.6601 523.2285 169.0659 574.4338 213.9912 1.6695 1.6792 4.1526 -2.3242 1.0705 28.7933 1.5795 13.7280
Car -1 -1 -1.2160 279.5261 160.4902 390.9284 224.8040 1.6361 1.6481 3.9761 -7.5776 1.0083 20.2744 -1.5737 12.0519
Car -1 -1 -1.5771 632.9163 179.4659 660.7326 204.8939 1.4595 1.5957 3.7312 2.3040 1.1306 43.1590 -1.5237 10.7020
Car -1 -1 -2.2921 893.8454 199.9640 1240.0000 375.0000 1.4616 1.6346 4.0016 2.6745 1.5638 2.9022 -1.5475 10.3744
Car -1 -1 -2.1701 976.9189 178.2123 1143.0980 252.0275 1.8763 1.7360 4.5426 12.6482 1.6994 20.5793 -1.6190 8.5306
Car -1 -1 -2.0064 909.4125 189.2989 1047.4847 251.0915 1.4943 1.6798 4.3463 9.9921 1.6208 19.8685 -1.5404 7.9611
Car -1 -1 1.6712 539.7944 175.4863 579.2422 207.2377 1.5165 1.6080 3.8725 -2.4147 1.0529 36.2914 1.6048 5.5455
Car -1 -1 -1.5219 550.0828 174.7421 581.1605 202.2555 1.5314 1.6272 3.8030 -2.4430 0.9496 41.9173 -1.5801 2.9094
Car -1 -1 -0.8445 1024.8531 195.9810 1240.0000 327.8841 1.4797 1.5994 3.6195 7.5604 1.6366 9.3196 -0.1630 1.6667
