Car -1 -1 -2.0349 831.1125 187.8861 970.9186 250.3973 1.3776 1.5384 4.1496 7.1680 1.4542 18.1554 -1.6589 14.2594
Car -1 -1 1.6687 503.5363 164.1294 558.3892 213.5457 1.7113 1.6540 4.0301 -2.8370 0.9822 26.9112 1.5637 12.1763
Car -1 -1 -1.1739 226.5623 157.8269 349.6839 227.3661 1.5799 1.6072 3.4588 -7.9335 0.9588 18.0715 -1.5876 12.0605
Car -1 -1 2.0494 94.7848 157.9099 246.1656 227.2078 1.5331 1.6142 3.8375 -10.7084 0.9302 17.8646 1.5094 11.9771
Car -1 -1 1.1460 925.7556 186.8706 1075.8830 253.9563 1.4913 1.7055 4.2548 9.7142 1.5395 18.2614 1.6348 11.5367
Car -1 -1 -1.5941 620.4212 175.1262 650.5813 201.0999 1.4274 1.6392 3.7928 1.5309 0.8741 41.4085 -1.5571 10.5401
Car -1 -1 -2.2193 998.9878 178.7850 1187.8589 253.4367 1.7025 1.7542 4.3452 12.2571 1.5569 18.6159 -1.6371 10.0514
Car -1 -1 2.1788 0.0000 158.3503 144.0046 222.4214 1.4105 1.5153 3.9476 -13.5149 0.8202 17.8250 1.5300 9.0704
Car -1 -1 -1.7682 615.2495 180.7643 649.6432 204.4676 1.4442 1.5305 3.4373 1.5052 1.1742 45.6169 -1.7352 2.7373
Car -1 -1 1.5323 519.4905 167.2263 559.4873 207.2123 1.7960 1.7356 4.2425 -3.3651 0.9891 34.5036 1.4351 0.4414
Car -1 -1 -1.5849 615.4938 179.4401 637.5418 200.4012 1.4931 1.5687 3.6248 1.3377 1.0828 53.0238 -1.5597 -0.4115
