Car -1 -1 0.2313 699.4873 181.7669 787.5230 218.4346 1.5644 1.5959 3.5969 6.0323 1.4184 32.1237 0.4169 11.5295
Car -1 -1 -1.7239 1039.5738 190.9567 1183.5682 279.6291 1.3903 1.6014 4.0444 9.3506 1.5184 13.7182 -1.1256 10.3524
Car -1 -1 1.0934 0.0000 201.4974 359.3942 375.0000 1.5057 1.6291 4.4088 -4.8104 1.7162 7.4399 0.5194 5.9552
Car -1 -1 0.2416 479.7606 189.5948 673.9557 259.4250 1.5056 1.7035 4.2826 -0.7182 1.6174 16.9118 0.1992 3.9732
Car -1 -1 -2.4774 172.0481 174.3135 500.2682 321.7479 1.7235 1.7003 3.9895 -3.7087 1.5972 9.8053 -2.8391 3.8956
Car -1 -1 -1.4587 993.6274 178.7319 1057.0321 222.5606 1.5185 1.6373 3.8193 15.6486 1.2950 26.9229 -0.9322 3.5393
Car -1 -1 -1.8604 789.7900 179.1352 835.7536 206.5874 1.5604 1.6392 3.6649 12.0940 1.2159 42.6991 -1.5844 3.5273
Car -1 -1 -2.7074 567.1178 184.3522 709.6463 244.8041 1.5282 1.6425 3.5424 0.7876 1.5075 19.7084 -2.6675 3.4009
Car -1 -1 -1.7911 1003.3806 180.3648 1120.2471 248.5128 1.5435 1.6697 3.9914 11.4266 1.4347 18.4364 -1.2363 2.9768
Car -1 -1 -0.4891 957.9354 178.0435 1042.0281 207.6344 1.6321 1.6595 3.8268 22.0177 1.2376 40.4919 0.0089 1.8384
Car -1 -1 -0.0994 771.7784 182.6332 855.0310 212.6261 1.4572 1.6544 3.8673 10.2230 1.3329 36.0758 0.1767 -0.4100
