Car -1 -1 -1.8297 879.2107 188.0514 987.4815 251.9579 1.4488 1.5800 3.8157 8.1749 1.5308 18.4796 -1.4132 12.9953
Car -1 -1 -2.8827 575.7646 186.4795 668.1987 223.1061 1.5215 1.6074 3.7292 0.5995 1.5798 31.2322 -2.8635 12.9475
Car -1 -1 -2.6600 332.5960 197.4356 535.7025 273.4473 1.4218 1.5767 3.8471 -3.6458 1.7001 15.0685 -2.8974 12.5034
Car -1 -1 -1.7659 915.4247 192.1752 1056.6924 283.7789 1.4305 1.5934 3.8858 6.9183 1.5838 13.6256 -1.2960 11.6699
Car -1 -1 -2.4284 135.4604 201.1416 429.2507 337.6254 1.6101 1.5916 3.5694 -4.5474 1.8619 10.0427 -2.8536 9.5365
Car -1 -1 -1.6737 674.6298 184.0093 708.9513 209.9282 1.4732 1.6264 3.9325 4.9338 1.4058 42.8309 -1.5591 6.8481
Car -1 -1 0.3248 418.0036 190.9652 586.3222 257.9747 1.5530 1.6709 3.8440 -2.6374 1.7076 18.0212 0.1794 5.0093
Car -1 -1 -0.8519 849.8843 183.7981 951.3513 225.1818 1.4842 1.5976 3.5965 11.0912 1.4345 27.2989 -0.4660 3.7195
Car -1 -1 -2.3631 0.0000 188.4842 361.2264 375.0000 1.7341 1.7187 4.0865 -4.9975 1.7757 7.6381 -2.9425 2.8199
Car -1 -1 -1.7168 829.4852 180.8088 868.5614 208.2459 1.5688 1.6567 3.9743 14.4176 1.3180 43.2013 -1.3946 -0.2500
Car -1 -1 3.5492 294.8571 198.5576 533.0796 290.6161 1.4183 1.6087 3.6437 -3.3176 1.6701 12.4419 3.2886 -0.8507
