Car -1 -1 -2.5224 669.5409 188.1145 855.2580 272.7033 1.4891 1.5906 3.3715 2.9925 1.5561 14.5489 -2.3196 12.2569
Car -1 -1 -2.4279 538.1764 165.0657 782.5806 279.0137 1.7571 1.8033 4.3508 0.7721 1.4475 13.2447 -2.3696 6.2861
Car -1 -1 -2.7186 846.9713 181.4921 1003.5628 241.3788 1.5420 1.6404 3.7269 8.8945 1.4473 20.4372 -2.3081 6.0796
Car -1 -1 -2.1564 455.3502 189.4290 699.6882 317.6463 1.5537 1.7038 4.0876 -0.7029 1.6319 10.9911 -2.2203 5.5974
Car -1 -1 -2.9031 990.5709 179.1210 1109.9857 217.7880 1.5064 1.6351 3.9690 18.3560 1.2701 29.9858 -2.3538 4.5223
Car -1 -1 -2.6505 785.4865 185.6100 951.7036 250.3383 1.4781 1.6065 3.6558 6.5123 1.4904 18.3277 -2.3091 3.9473
Car -1 -1 -2.1119 313.9126 198.3766 581.6230 348.9819 1.4469 1.5900 3.6851 -2.2182 1.6489 9.0981 -2.3511 3.9253
Car -1 -1 -1.2663 973.2951 178.0131 1032.2663 210.8759 1.8098 1.7680 4.3856 22.9472 1.4143 41.7390 -0.7636 2.6824
Car -1 -1 -2.0637 1125.0143 176.0712 1187.1674 200.7857 1.4771 1.5678 3.5857 34.1099 0.9317 44.8535 -1.4135 -0.0901
Car -1 -1 -2.2317 1145.4550 174.9883 1211.0952 197.8474 1.4764 1.5727 3.5896 38.1730 0.8170 48.2259 -1.5621 -1.2050
