Car -1 -1 -2.9121 788.5629 184.9544 882.8949 221.1817 1.5309 1.6278 3.7347 10.1062 1.5210 32.0257 -2.6064 12.0653
Car -1 -1 -2.4841 469.6276 195.9908 665.9108 287.6833 1.4343 1.5223 3.3581 -0.8254 1.6566 13.1814 -2.5467 11.7277
Car -1 -1 -2.6842 592.3750 193.0278 748.9997 258.4830 1.4331 1.5416 3.5169 1.4750 1.6434 17.6750 -2.6010 9.0030
Car -1 -1 -1.6808 1146.8859 197.9152 1240.0000 288.8908 1.3608 1.5345 3.8866 11.0839 1.6343 13.3648 -0.9884 8.0984
Car -1 -1 -2.0040 0.0000 206.7381 331.4519 375.0000 1.4715 1.6360 3.9848 -4.6276 1.7229 6.6434 -2.6125 2.9833
Car -1 -1 -1.4602 892.2699 182.7216 930.6227 211.0621 1.5675 1.6468 3.8063 17.6745 1.4307 41.8179 -1.0604 2.2122
Car -1 -1 -0.8794 918.0047 183.3846 973.7478 202.9089 1.4377 1.6269 4.0359 25.6352 1.3040 54.5241 -0.4399 1.9385
Car -1 -1 -0.8547 914.9747 183.0649 973.0541 204.8609 1.4702 1.6032 3.7304 23.3585 1.3263 49.9747 -0.4175 1.6541
Car -1 -1 -1.2929 766.9948 181.6493 817.3050 211.5196 1.7650 1.7741 4.9091 11.5877 1.5554 45.0389 -1.0410 -0.2158
Car -1 -1 -1.6208 1137.6119 188.3273 1235.4091 259.3907 1.5060 1.6358 3.6096 13.7883 1.5906 17.3440 -0.9491 -0.5970
