Car -1 -1 1.6728 435.7893 174.2019 503.1736 235.4926 1.7850 1.7045 4.1486 -4.3803 1.4654 23.0719 1.4851 15.0947
Car -1 -1 -2.1045 829.9921 194.9833 1011.0118 277.3571 1.4039 1.5525 4.0229 6.1747 1.6353 14.8452 -1.7103 13.0670
Car -1 -1 1.0325 932.8943 193.0975 1136.9631 275.6372 1.4406 1.6660 4.3136 8.6416 1.6315 15.1306 1.5514 11.5344
Car -1 -1 -1.5562 575.2607 182.8656 609.2239 214.0129 1.5561 1.6968 3.9820 -0.8208 1.4398 37.9061 -1.5778 9.0184
Car -1 -1 2.0290 47.9946 173.3088 230.2362 264.2553 1.5352 1.5757 3.4545 -8.9072 1.3354 13.9347 1.4602 8.6880
Car -1 -1 -2.3326 1026.4730 181.8481 1240.0000 275.9771 1.7281 1.7286 4.3008 11.2631 1.6674 15.4386 -1.7023 7.7095
Car -1 -1 2.1732 0.0000 174.3616 64.2029 284.7161 1.5791 1.6522 3.9646 -11.5017 1.4249 12.3641 1.4239 7.4077
Car -1 -1 1.9063 436.8754 186.8166 510.5888 227.7545 1.4692 1.6159 3.9381 -5.1704 1.5374 28.0261 1.7239 3.1082
Car -1 -1 -1.6856 566.1613 183.1046 597.9044 206.9345 1.4858 1.6231 3.9167 -1.7408 1.3553 46.8758 -1.7227 -0.8006
Car -1 -1 1.7142 457.5629 179.5846 514.1601 220.6041 1.6572 1.7827 4.6837 -5.2675 1.4309 31.4004 1.5480 -1.3119
