Car -1 -1 1.6845 429.3509 172.2283 499.4736 234.1335 1.7769 1.7157 4.0941 -4.4744 1.4053 22.7395 1.4902 13.1906
Car -1 -1 -1.5595 571.9147 182.7465 605.9946 213.4480 1.5157 1.6826 3.8981 -0.9899 1.3949 37.4471 -1.5859 11.7686
Car -1 -1 -1.0531 22.5881 170.7133 227.1123 264.5626 1.5396 1.5890 3.6922 -8.9733 1.3028 13.6813 -1.6336 11.7533
Car -1 -1 -2.1134 829.3911 194.7126 1015.9899 278.6335 1.3988 1.5681 4.0117 6.0858 1.6200 14.5522 -1.7173 11.7256
Car -1 -1 1.0495 941.5153 192.5789 1144.3662 276.3254 1.4361 1.6385 4.2255 8.6226 1.6106 14.8127 1.5766 10.2256
Car -1 -1 -2.3294 1008.5091 177.7170 1238.5258 264.4198 1.6570 1.7120 4.1708 11.0718 1.5148 15.9249 -1.7219 6.8889
Car -1 -1 1.7819 437.2585 185.7375 501.7578 227.1547 1.4729 1.6261 4.0206 -5.2654 1.4956 27.6404 1.5937 4.9374
Car -1 -1 1.7666 561.5258 183.7522 594.9893 206.9228 1.5043 1.5856 3.6292 -1.9767 1.4104 48.5817 1.7259 1.7567
Car -1 -1 1.7316 584.9334 185.1458 615.5170 206.9957 1.5030 1.6022 3.8016 -0.5212 1.4993 51.4424 1.7215 -0.1002
Car -1 -1 1.8342 384.0222 183.5434 434.8526 214.2823 1.7481 1.7980 4.6380 -11.8632 1.6541 43.2006 1.5662 -1.0194
