Car -1 -1 1.6758 508.5085 165.1080 563.5883 214.9649 1.7553 1.6692 4.0176 -2.6874 1.0485 27.3197 1.5778 14.2899
Car -1 -1 -2.0259 831.4908 188.4178 964.6363 249.5008 1.3797 1.5371 4.0197 7.2541 1.4726 18.5162 -1.6525 13.9874
Car -1 -1 -1.1830 242.7973 162.3294 358.5949 226.3969 1.4983 1.5304 3.5055 -7.8367 0.9642 18.5686 -1.5824 13.0887
Car -1 -1 -1.1207 116.5321 162.9129 256.2399 226.7151 1.4557 1.5619 3.8128 -10.6175 0.9480 18.3567 -1.6451 13.0547
Car -1 -1 1.1443 923.2234 188.2512 1067.4790 253.1502 1.4710 1.6520 4.2415 9.7992 1.5601 18.6572 1.6279 12.6847
Car -1 -1 -1.6157 621.6165 174.7961 653.0988 201.7374 1.4966 1.6485 3.9668 1.6558 0.9189 41.9162 -1.5762 11.9226
Car -1 -1 -2.1745 987.7189 174.5653 1161.6905 248.6117 1.7767 1.7293 4.4003 12.3470 1.5222 19.4763 -1.6095 7.1149
Car -1 -1 -1.4700 521.4295 170.1099 566.7219 209.2792 1.7472 1.7298 4.2095 -2.9952 1.0745 34.1776 -1.5574 3.6961
Car -1 -1 -1.5941 628.2509 180.4029 654.4080 203.8685 1.4676 1.6088 3.7128 2.1300 1.1678 46.8303 -1.5487 2.2994
Car -1 -1 -1.5811 615.4329 181.1565 636.9657 200.4744 1.3921 1.5517 3.6266 1.3363 1.1007 53.6246 -1.5562 2.2230
Car -1 -1 2.1715 0.0000 156.9561 158.6516 232.1138 1.6722 1.7678 4.3643 -13.5995 1.0446 18.2064 1.5299 2.0597
Car -1 -1 -2.0680 1028.5125 196.5757 1240.0000 356.1042 1.4790 1.6250 3.7160 6.8225 1.6519 8.9022 -1.4141 0.5497
