Car -1 -1 -1.8389 792.6141 187.6835 903.2973 255.3444 1.4685 1.5819 3.8712 5.7214 1.5372 17.7103 -1.5264 15.3869
Car -1 -1 -1.8025 833.6293 194.6645 984.6882 292.0720 1.4072 1.5865 3.7829 5.0907 1.6022 12.7549 -1.4228 13.5686
Car -1 -1 3.3884 473.2927 187.1493 571.7910 225.9455 1.5267 1.5966 3.7272 -3.4868 1.6098 29.4187 3.2705 13.5075
Car -1 -1 -2.1539 1031.6532 199.4328 1240.0000 375.0000 1.5054 1.6214 3.9309 4.2458 1.6357 4.4507 -1.3921 12.4528
Car -1 -1 -1.7166 764.5591 184.0658 820.7464 225.7695 1.4782 1.5577 3.5193 6.9143 1.4386 27.3061 -1.4686 11.9692
Car -1 -1 0.4903 153.8689 202.9129 421.2559 292.1371 1.4227 1.6163 4.0721 -5.6315 1.7627 12.7993 0.0758 11.0346
Car -1 -1 -2.6966 280.8341 194.0226 482.3122 267.8581 1.5016 1.6335 3.9516 -4.9971 1.7117 15.9630 -2.9999 10.6784
Car -1 -1 -1.5681 582.1366 184.4768 611.2728 211.5535 1.4865 1.5998 3.7668 -0.6606 1.4470 41.3542 -1.5840 4.7637
Car -1 -1 -3.1181 565.2693 180.5453 619.6691 201.7488 1.4636 1.6006 3.7556 -1.0747 1.1424 50.4215 -3.1394 2.7236
Car -1 -1 -1.7366 735.5767 181.2156 777.4629 209.6113 1.6063 1.7482 4.2969 8.7763 1.3811 42.8394 -1.5345 1.2857
Car -1 -1 0.8334 0.0000 207.9704 301.9911 375.0000 1.6211 1.6420 3.8777 -5.5876 1.9056 7.7459 0.2085 1.1053
Car -1 -1 1.9200 458.0571 182.4789 511.5591 213.6409 1.7350 1.7164 4.3587 -7.1912 1.5838 42.3184 1.7517 -0.1537
Car -1 -1 -1.5602 587.1883 182.6572 612.3267 205.6008 1.4314 1.5683 3.4890 -0.5250 1.2729 46.5880 -1.5715 -0.6629
