Car -1 -1 -2.1935 595.7196 196.3882 821.6743 307.0894 1.3704 1.5445 3.8261 1.3398 1.5799 11.3563 -2.0761 13.2483
Car -1 -1 1.5345 269.3858 189.1423 316.0401 228.5105 1.5175 1.6452 4.0682 -13.3788 1.6963 30.3321 1.1191 12.7858
Car -1 -1 1.7506 0.0000 186.1582 135.2030 281.5469 1.7460 1.6779 3.9602 -11.4189 1.7701 15.3434 1.1108 9.9422
Car -1 -1 -2.5403 910.1614 190.8793 1119.5207 273.7324 1.4596 1.5689 3.4692 8.1729 1.5925 14.8218 -2.0364 9.9088
Car -1 -1 0.6410 806.8936 171.9760 1052.1090 286.7864 1.8442 1.5825 4.1244 5.8587 1.6327 13.7239 1.0444 7.9410
Car -1 -1 -2.2308 706.1467 194.0074 947.3548 297.8683 1.4376 1.6509 4.4246 3.5310 1.6230 12.7059 -1.9597 5.5667
Car -1 -1 2.0637 192.0996 188.5017 244.3042 211.3125 1.5395 1.5881 3.9333 -27.6133 1.7830 51.0470 1.5678 2.4680
Car -1 -1 2.0811 174.5213 186.3133 241.7711 213.2524 1.5508 1.7066 4.2640 -24.2139 1.6219 43.6873 1.5750 0.8810
Car -1 -1 1.9887 268.5813 197.5461 321.5262 222.4322 1.4163 1.5941 3.8605 -19.4274 2.2185 44.7626 1.5793 0.0189
Car -1 -1 2.0999 161.4036 188.4809 216.6039 211.7024 1.4712 1.5817 3.5852 -27.8222 1.6977 47.8371 1.5731 -0.1699
