Car -1 -1 -1.9943 827.0246 189.5800 942.2374 246.0085 1.4096 1.5354 3.9014 7.6078 1.5458 20.2577 -1.6351 14.2496
Car -1 -1 1.6267 529.9677 168.1609 576.5054 214.7304 1.7638 1.6653 4.0355 -2.1903 1.1190 29.2561 1.5520 13.6907
Car -1 -1 -1.2238 294.2415 164.7465 397.4240 223.6255 1.5449 1.5834 3.8353 -7.4778 1.0090 20.7769 -1.5693 12.5948
Car -1 -1 -1.1645 179.4830 166.8820 303.0727 223.9651 1.4511 1.6208 4.0914 -10.2464 0.9862 20.3610 -1.6307 12.0430
Car -1 -1 -2.2628 873.7647 193.5922 1240.0000 375.0000 1.4878 1.6556 4.1870 2.7417 1.5514 3.2603 -1.5636 10.2037
Car -1 -1 -1.9868 906.3133 189.3896 1037.3756 248.7580 1.4766 1.6780 4.3210 10.0791 1.6088 20.3783 -1.5275 9.3740
Car -1 -1 -1.6110 635.2479 178.5280 664.1846 204.3260 1.4984 1.5977 3.6700 2.4820 1.1111 43.5962 -1.5542 9.3594
Car -1 -1 1.6308 542.3210 174.8331 579.5754 209.3186 1.6610 1.6626 3.8743 -2.3619 1.1621 36.5615 1.5663 2.4750
Car -1 -1 -2.2784 964.1312 193.8321 1240.0000 355.7901 1.7469 1.6420 3.7137 6.7438 1.8898 9.8911 -1.6800 1.3550
Car -1 -1 0.5113 593.4571 181.9355 651.8099 203.7547 1.4769 1.6105 3.7774 1.0100 1.2560 50.3062 0.5314 -1.2885
