Car -1 -1 -1.8254 845.2541 188.2672 954.6153 255.0638 1.4919 1.6010 3.9494 7.2362 1.5794 18.2968 -1.4488 14.5296
Car -1 -1 -1.7732 882.9823 193.4991 1027.7907 287.0196 1.4263 1.6062 4.0475 6.2616 1.6078 13.4951 -1.3388 12.9320
Car -1 -1 -2.8916 538.2072 187.7662 633.8348 224.6373 1.5053 1.6122 3.8043 -0.9398 1.6197 30.7112 -2.9222 12.8966
Car -1 -1 3.6038 269.2591 199.4494 495.3589 280.4667 1.4459 1.5915 4.0107 -4.4671 1.7525 14.3184 3.3014 10.9698
Car -1 -1 -2.0795 1056.2316 199.0831 1240.0000 375.0000 1.5209 1.6587 4.1019 4.6706 1.6591 4.9087 -1.3190 10.3354
Car -1 -1 -2.7437 366.2632 193.0889 549.8586 259.4457 1.4705 1.5933 4.0440 -3.6145 1.6747 17.3730 -2.9488 10.1902
Car -1 -1 -1.6898 821.7859 184.3957 876.3117 225.4763 1.4780 1.5647 3.6221 9.2180 1.4496 27.7901 -1.3695 8.4124
Car -1 -1 -2.3225 0.0000 192.6509 216.7160 375.0000 1.6730 1.7056 4.1058 -6.2663 1.7554 6.8412 -3.0640 6.4266
Car -1 -1 -1.6590 638.7754 185.2016 671.1924 211.6788 1.4913 1.5866 3.5743 2.7121 1.4916 42.2910 -1.5949 3.8733
Car -1 -1 -2.1728 628.9846 182.7433 681.0590 206.1393 1.4838 1.5821 3.7664 3.0641 1.3281 47.6091 -2.1085 1.6428
Car -1 -1 1.9776 152.5499 200.5451 408.3282 363.2339 1.7414 1.7274 4.0940 -4.3023 2.0024 10.1289 1.5759 0.0756
Car -1 -1 -0.0710 506.7630 181.9652 576.8180 209.9874 1.7121 1.6879 4.2656 -4.1869 1.5146 45.0967 -0.1636 -0.8872
Car -1 -1 1.6134 565.1275 186.2982 592.0775 211.3059 1.6046 1.6432 3.9522 -1.9428 1.6814 48.2693 1.5732 -1.0159
