Car -1 -1 -1.8566 744.0787 185.7753 862.4242 259.2110 1.4722 1.5668 3.7347 4.2425 1.4875 16.3273 -1.6024 14.2268
Car -1 -1 3.3924 400.8836 187.3981 506.1847 228.6075 1.5079 1.5952 3.6233 -5.8348 1.5944 27.2609 3.1815 13.5667
Car -1 -1 -1.8623 793.6582 193.8386 971.4255 303.2563 1.3853 1.5488 3.6449 4.0210 1.5438 11.2508 -1.5190 13.2493
Car -1 -1 3.5508 142.7007 196.8805 398.4386 282.9425 1.5073 1.6751 4.0902 -6.3245 1.7453 13.7101 3.1186 13.0975
Car -1 -1 -1.7061 710.7902 181.0263 768.2584 225.3575 1.4911 1.5655 3.5201 4.6493 1.3513 25.9667 -1.5289 12.5217
Car -1 -1 3.7490 0.0000 205.5217 317.2429 316.1582 1.4328 1.5984 3.8739 -6.5657 1.7568 10.5290 3.1914 11.1002
Car -1 -1 -1.7073 690.1436 180.2616 737.1761 214.4724 1.5305 1.6585 4.0979 4.9402 1.3100 34.2106 -1.5638 6.3921
Car -1 -1 -2.2808 1074.9601 203.1829 1240.0000 375.0000 1.5490 1.6212 3.6928 3.9021 1.6824 3.3382 -1.4177 4.1849
Car -1 -1 -0.4322 676.9508 179.7065 755.1955 207.8810 1.5475 1.6869 4.0651 6.1161 1.2461 40.8588 -0.2836 2.1437
Car -1 -1 -1.3351 537.1321 180.6112 570.7129 200.1875 1.5107 1.7077 4.4234 -4.2950 1.1565 57.7910 -1.4093 -0.0499
Car -1 -1 1.9553 388.4726 181.6325 448.3808 215.6935 1.8119 1.7241 4.4491 -10.6224 1.6224 40.5525 1.6991 -0.5603
Car -1 -1 -2.6676 511.4744 182.9532 569.3580 205.4563 1.4843 1.5722 3.5916 -4.5916 1.3362 48.8079 -2.7614 -0.9345
