Car -1 -1 -2.1749 227.2441 203.0832 524.5354 362.6516 1.4095 1.5309 3.5417 -2.8523 1.6608 8.3907 -2.5026 11.2964
Car -1 -1 -2.6021 625.2370 191.5675 813.2383 277.7645 1.4802 1.5698 3.3514 2.1032 1.6221 14.2555 -2.4556 9.8326
Car -1 -1 0.2656 942.2315 184.7104 1052.6324 221.4084 1.4655 1.6441 3.8381 16.5088 1.4464 30.6202 0.7601 8.6806
Car -1 -1 -2.3629 516.2956 182.4032 756.8461 292.3666 1.6271 1.7247 4.2534 0.3061 1.5866 12.7616 -2.3389 5.1811
Car -1 -1 -2.1883 389.0439 193.4929 653.6507 330.0136 1.5773 1.7091 4.2532 -1.5132 1.7261 10.6916 -2.3289 4.2946
Car -1 -1 -1.4670 1067.0316 178.4059 1107.4202 205.4035 1.5422 1.6327 3.7492 28.6997 1.1544 43.0254 -0.8788 1.5936
Car -1 -1 -1.1519 1080.7090 181.8633 1135.3288 206.2783 1.5165 1.5845 3.5335 32.1659 1.3094 46.2383 -0.5441 0.6149
Car -1 -1 -1.3499 1091.4218 181.6588 1132.9514 204.0103 1.5021 1.6014 3.6960 35.1860 1.2642 50.1419 -0.7381 0.5281
Car -1 -1 -2.6447 806.8814 186.5326 957.5610 244.0949 1.4967 1.6351 3.7260 7.7772 1.5394 20.7192 -2.2856 0.0392
Car -1 -1 -2.0706 988.6671 182.8441 1040.0379 204.1742 1.4806 1.6029 3.7751 29.2105 1.3171 51.7941 -1.5571 -0.8178
