Car -1 -1 1.0680 931.8778 186.9678 1119.9926 265.6658 1.4890 1.6732 4.2985 8.8928 1.5340 15.8498 1.5793 13.0756
Car -1 -1 1.6700 453.8086 164.8505 515.0160 222.9175 1.7689 1.6255 3.8710 -4.0549 1.1496 23.8814 1.5019 11.7852
Car -1 -1 -2.1228 830.7252 188.7941 997.1871 262.8163 1.3795 1.5273 3.7826 6.3865 1.4681 15.5753 -1.7337 11.5145
Car -1 -1 -1.0498 0.0000 168.8238 133.9253 249.4326 1.4032 1.5716 3.7865 -11.4174 1.1190 14.4976 -1.7169 9.4002
Car -1 -1 -1.5760 586.7263 174.4357 620.3798 206.4930 1.6380 1.7201 4.2078 -0.2714 1.0883 38.8412 -1.5830 8.7542
Car -1 -1 0.8171 1023.0277 169.6855 1240.0000 265.8892 1.8789 1.5814 4.0828 11.4631 1.5767 16.1662 1.4339 8.0603
Car -1 -1 -1.0677 92.0981 157.2662 272.5910 247.0086 1.6422 1.6269 3.7440 -8.7140 1.1319 15.0405 -1.5929 5.5041
Car -1 -1 1.5986 572.7730 177.4725 596.8786 199.0501 1.4563 1.5848 3.9994 -1.5983 0.9349 50.5171 1.5670 -0.0802
Car -1 -1 1.7017 465.9504 173.5742 521.4296 214.0223 1.5062 1.6610 4.2461 -4.5422 1.0738 28.9081 1.5459 -0.4816
Car -1 -1 1.7216 486.7464 174.9116 514.0206 196.9543 1.9005 1.7636 4.4395 -9.5568 1.0132 64.1960 1.5738 -1.3204
