Car -1 -1 1.6571 484.5999 162.1551 542.2403 217.6687 1.8257 1.7047 3.9062 -3.3234 1.0684 25.6249 1.5281 14.7295
Car -1 -1 -2.0475 832.5751 186.8007 983.8785 254.9299 1.4042 1.5646 4.0884 6.8620 1.4475 17.0186 -1.6643 13.4042
Car -1 -1 -1.0295 33.8702 165.2140 203.0474 234.4404 1.3960 1.5281 3.5979 -10.9469 0.9938 16.3269 -1.6201 13.0516
Car -1 -1 1.1146 925.2030 185.1557 1082.4927 252.4473 1.4349 1.6257 4.1875 9.3364 1.4347 17.4457 1.6060 11.9155
Car -1 -1 -1.6017 606.3412 173.8247 638.1576 202.4546 1.5264 1.6516 4.0354 0.7408 0.9202 40.3487 -1.5833 9.5940
Car -1 -1 0.8169 1011.4455 174.7555 1219.5672 260.3958 1.8069 1.6898 4.1566 11.9290 1.5874 17.3454 1.4193 9.1126
Car -1 -1 -1.1128 176.2775 161.9991 321.7499 234.6147 1.5083 1.6002 3.5703 -8.2091 1.0272 16.7137 -1.5694 7.6063
Car -1 -1 1.6951 500.7903 170.8848 547.5541 208.7910 1.6402 1.6625 3.9342 -3.8165 1.0212 33.0753 1.5802 2.5519
Car -1 -1 1.5642 609.9074 179.6544 636.8959 204.5278 1.4823 1.6085 3.8524 0.9335 1.1520 44.7740 1.5851 1.9753
Car -1 -1 -1.5698 595.5406 178.3155 618.4156 199.4430 1.4789 1.6012 3.8411 -0.0759 0.9970 52.2353 -1.5713 0.9840
