Car -1 -1 -1.8337 816.4626 188.5611 925.1539 254.9109 1.4652 1.5783 3.8748 6.4154 1.5597 18.0649 -1.4924 14.8301
Car -1 -1 3.3679 505.0806 187.0696 601.9848 224.1570 1.4919 1.5935 3.7855 -2.2727 1.5734 30.0933 3.2925 13.1596
Car -1 -1 -1.8133 853.7513 193.3109 1007.8716 288.6920 1.4190 1.5932 4.0115 5.6389 1.5921 13.1571 -1.4084 12.7611
Car -1 -1 -2.1365 1038.2065 195.2440 1240.0000 375.0000 1.5757 1.6713 4.0420 4.4508 1.6718 4.6644 -1.3746 12.7160
Car -1 -1 3.6319 212.7652 200.4740 457.9452 286.7612 1.4598 1.6161 4.0580 -5.1128 1.7723 13.6002 3.2723 12.6539
Car -1 -1 -1.6883 790.5732 183.7880 844.7656 225.4818 1.4930 1.5697 3.6514 7.9690 1.4430 27.6662 -1.4078 10.8463
Car -1 -1 -2.7316 320.4996 194.8427 514.9265 264.2295 1.4735 1.6015 4.0580 -4.3888 1.7126 16.6670 -2.9891 9.6146
Car -1 -1 1.1055 0.0000 199.1319 203.4838 375.0000 1.5553 1.6063 3.8065 -5.6782 1.7055 6.2608 0.3689 6.3271
Car -1 -1 3.9719 0.0000 204.8723 324.4713 375.0000 1.7136 1.6365 3.6512 -5.5189 1.9823 8.5296 3.3976 5.2350
Car -1 -1 -1.7486 605.4513 183.9475 644.0367 211.4396 1.5256 1.6078 3.7000 0.9160 1.4563 41.8383 -1.7267 3.0481
Car -1 -1 -1.0203 762.4904 180.7397 817.3880 206.5423 1.4992 1.5810 3.5943 11.0472 1.2403 43.5844 -0.7720 0.0789
