Car -1 -1 -2.0003 829.3497 188.7041 956.2298 248.7311 1.4220 1.5816 4.0986 7.4582 1.5273 19.3631 -1.6326 14.8319
Car -1 -1 -1.1997 267.1653 161.4963 381.5505 225.3138 1.5799 1.6320 3.8197 -7.6615 0.9938 19.7026 -1.5705 13.5801
Car -1 -1 -1.1631 153.6198 167.0673 281.1481 225.0041 1.4015 1.5583 4.0056 -10.4244 0.9636 19.4468 -1.6552 12.6724
Car -1 -1 1.6780 516.8981 167.7086 573.2550 214.3721 1.6999 1.7732 4.1381 -2.4228 1.0633 28.2707 1.5925 12.2397
Car -1 -1 -1.6130 627.8919 177.5206 658.5371 204.3994 1.5278 1.6499 3.9375 2.0443 1.0915 42.8285 -1.5653 9.7828
Car -1 -1 -2.0169 918.9646 187.1978 1056.0100 251.2744 1.5277 1.6807 3.9411 9.9378 1.5875 19.2541 -1.5405 9.3375
Car -1 -1 -2.3632 925.3628 194.8230 1240.0000 375.0000 1.4461 1.6117 3.9494 2.6580 1.5069 2.4594 -1.5390 8.9798
Car -1 -1 -0.7629 1041.3393 196.5482 1240.0000 333.0263 1.4836 1.6517 3.9799 7.7717 1.6391 8.8741 -0.0436 8.7703
Car -1 -1 1.6456 544.6027 174.8223 578.9495 203.4160 1.5672 1.6716 4.1920 -2.6324 0.9987 41.5016 1.5823 3.3674
Car -1 -1 1.6401 537.3128 175.7570 575.5825 209.6525 1.5939 1.6346 3.8746 -2.5314 1.1502 35.7381 1.5694 0.0002
