Car -1 -1 -1.8024 917.3649 184.4174 1025.4030 247.8659 1.4568 1.5941 3.9752 9.2154 1.4396 18.6181 -1.3428 13.1906
Car -1 -1 -1.7716 951.4848 188.6036 1095.3582 277.4712 1.4229 1.5936 3.8580 7.6926 1.4986 13.7449 -1.2613 11.3659
Car -1 -1 0.2578 615.0232 183.4620 703.8634 219.3963 1.5149 1.6545 3.6020 2.2545 1.4421 31.6667 0.3288 10.7794
Car -1 -1 3.5611 381.4273 194.5120 577.0757 268.7443 1.4620 1.6268 3.8891 -2.8154 1.6828 15.7250 3.3839 10.4711
Car -1 -1 -2.7729 467.4155 189.4042 625.1060 250.8057 1.4687 1.5943 3.7568 -1.6150 1.5861 18.6561 -2.8592 8.1183
Car -1 -1 -2.5131 214.6764 198.7688 474.7974 312.2702 1.4632 1.5628 3.3906 -3.9415 1.6904 10.7698 -2.8639 8.0607
Car -1 -1 -1.6196 899.0734 179.7380 950.7691 222.3403 1.5256 1.6292 3.8654 12.1687 1.3305 27.8338 -1.2075 7.2781
Car -1 -1 -2.3583 0.5811 183.4590 402.1742 366.3391 1.7961 1.7118 4.0874 -4.7420 1.7799 8.4275 -2.8708 3.0222
Car -1 -1 -1.7337 867.7978 179.0579 908.2482 206.3538 1.5372 1.6121 3.8918 16.5056 1.1915 42.5490 -1.3636 1.8825
Car -1 -1 -3.5173 858.3071 180.2362 933.1107 204.6130 1.4873 1.6102 4.0024 17.8274 1.1846 44.6691 -3.1376 -0.2734
Car -1 -1 -1.7556 718.4113 182.6704 755.6186 208.3576 1.4648 1.5517 3.5092 7.6161 1.3208 42.7506 -1.5793 -0.5410
Car -1 -1 -2.5239 359.9551 197.6573 583.7600 285.9041 1.3950 1.5855 3.8641 -2.5784 1.6529 13.3095 -2.7153 -0.7865
