Car -1 -1 1.6405 539.0880 168.6077 585.5111 213.5194 1.7723 1.6846 3.9480 -1.8916 1.1180 30.3437 1.5783 13.3265
Car -1 -1 -1.9678 823.0458 190.6673 932.9246 243.4910 1.3784 1.5483 4.1046 7.7997 1.5566 21.2695 -1.6164 12.4837
Car -1 -1 -1.6298 639.9702 180.0879 669.0766 204.1102 1.4284 1.5767 3.7468 2.8400 1.1246 44.6174 -1.5662 11.4350
Car -1 -1 -1.2260 318.2987 163.4957 415.6643 218.9312 1.5418 1.6036 3.8461 -7.2610 0.9388 21.9315 -1.5457 11.1217
Car -1 -1 -2.1679 827.7636 197.5210 1240.0000 375.0000 1.4446 1.6155 3.9900 2.7853 1.5564 4.4367 -1.6073 9.2258
Car -1 -1 1.1820 906.4001 190.6324 1025.5778 247.0102 1.4610 1.6173 4.2832 10.3597 1.6387 21.2358 1.6358 7.2584
Car -1 -1 -1.1684 221.5067 165.0717 327.2006 217.5959 1.4579 1.5984 3.6524 -10.0183 0.8999 21.7974 -1.5992 6.9520
Car -1 -1 -2.7673 245.8119 142.4226 438.8508 215.3370 2.6010 2.1648 6.4062 -9.7998 1.0756 26.7976 -3.1179 3.1976
Car -1 -1 -1.5097 558.7915 175.3089 590.7258 204.2972 1.6660 1.6917 3.7817 -1.9682 1.0978 43.2132 -1.5552 2.9502
Car -1 -1 2.1120 0.0000 74.8255 352.5444 375.0000 2.2458 1.9668 5.3970 -4.4074 1.5965 6.9534 1.5470 0.8911
Car -1 -1 1.7757 552.5808 175.6290 598.1587 206.2870 1.5467 1.6683 3.9047 -1.6998 1.0642 38.3228 1.7314 -0.3425
