Car -1 -1 -1.8520 772.0999 187.3205 883.2462 255.4400 1.4598 1.5627 3.7326 5.1294 1.5173 17.3871 -1.5651 14.6941
Car -1 -1 -1.8164 815.2311 195.7256 974.2218 298.4467 1.4123 1.5758 3.8147 4.6304 1.6219 12.2714 -1.4556 14.3398
Car -1 -1 3.3898 445.7933 186.3442 547.8785 226.2288 1.5367 1.6019 3.7544 -4.4263 1.5845 28.7246 3.2369 14.1604
Car -1 -1 3.5920 243.6725 194.9201 452.5376 271.3182 1.4818 1.6143 3.8359 -5.4525 1.7018 15.2000 3.2476 13.3532
Car -1 -1 -2.2021 1038.1932 201.5423 1240.0000 375.0000 1.4892 1.5857 3.5971 4.0859 1.6277 4.1464 -1.4240 12.4311
Car -1 -1 3.6899 100.5163 202.4402 383.3060 298.5296 1.4345 1.6250 3.9646 -6.0580 1.7478 12.0502 3.2241 11.4771
Car -1 -1 -1.7317 741.2180 182.6327 797.8662 224.7396 1.4728 1.5465 3.2537 5.9296 1.3836 26.8081 -1.5140 9.6102
Car -1 -1 -1.7210 723.5312 180.5408 769.9436 213.3849 1.5199 1.6427 4.0126 6.7271 1.3047 35.2979 -1.5327 4.7448
Car -1 -1 -1.7009 551.8019 182.2701 589.8226 211.2305 1.5588 1.6509 3.9048 -2.1697 1.4014 40.7588 -1.7541 2.5840
Car -1 -1 -1.3808 711.7785 183.3928 752.2408 209.9979 1.4896 1.6369 3.9411 7.3424 1.3887 42.3767 -1.2093 1.7362
Car -1 -1 -2.4643 549.6261 183.9450 603.1302 204.9372 1.4235 1.5768 3.5424 -2.2371 1.3385 50.4274 -2.5087 1.1254
Car -1 -1 2.4714 0.0000 214.2208 218.0705 375.0000 1.5832 1.6116 3.7516 -5.3826 1.9090 6.0553 1.7448 0.5460
Car -1 -1 1.9243 437.4235 183.6031 490.1815 214.0433 1.6991 1.6854 4.2338 -8.4349 1.6102 42.3429 1.7277 -0.1397
