Car -1 -1 -2.6981 689.6662 193.6914 849.2302 258.5824 1.4460 1.5477 3.6244 3.9906 1.6820 18.1871 -2.4821 10.5681
Car -1 -1 -2.8630 887.6646 186.2417 990.7060 223.0297 1.5024 1.6253 3.7738 14.3540 1.5508 31.3011 -2.4331 10.0387
Car -1 -1 -2.5320 578.7025 196.2621 763.6885 282.4834 1.4314 1.5271 3.3021 1.1265 1.6727 13.9900 -2.4516 9.6976
Car -1 -1 -2.1201 335.4725 197.0972 607.7473 347.9693 1.5865 1.7108 4.2278 -2.1281 1.7882 10.0122 -2.3295 6.7617
Car -1 -1 -0.5716 1025.9858 183.1931 1103.8746 205.7916 1.4574 1.6327 4.0794 29.9448 1.3281 47.1858 -0.0061 2.5830
Car -1 -1 -2.2936 483.3143 186.7465 718.6862 301.4881 1.6359 1.7129 4.1487 -0.3202 1.6679 12.4036 -2.3194 1.9956
Car -1 -1 -1.4221 1041.7515 185.3812 1076.4633 205.9495 1.4899 1.6383 4.0190 34.0129 1.5039 54.1575 -0.8613 0.3483
Car -1 -1 -1.9357 1005.3770 181.5382 1058.6129 205.9199 1.4430 1.5959 3.7608 26.1826 1.2265 44.5288 -1.4041 -0.0980
Car -1 -1 -2.0716 144.4103 194.5200 483.0471 375.0000 1.5372 1.7072 4.0344 -3.4601 1.6667 7.9985 -2.4799 -1.0196
Car -1 -1 -1.3387 813.8189 187.2867 903.7264 249.5480 1.6294 1.7004 3.5200 7.3126 1.6963 20.8793 -1.0018 -1.3490
