Car -1 -1 -1.7561 990.6401 189.3378 1133.0269 275.3429 1.3826 1.5682 3.9959 8.5238 1.4758 13.9044 -1.2062 11.0676
Car -1 -1 -2.7894 512.9269 186.8852 665.1719 248.0760 1.5091 1.6187 3.7285 -0.5254 1.5579 19.1609 -2.8168 9.1042
Car -1 -1 -1.8405 955.7994 182.7466 1074.3668 248.5452 1.5004 1.6214 3.9829 10.2721 1.4452 18.5142 -1.3340 8.9086
Car -1 -1 -2.7194 443.4034 193.2089 617.0704 264.3734 1.4523 1.5748 3.5751 -1.7770 1.6487 16.2587 -2.8283 8.4582
Car -1 -1 -1.6168 942.6888 177.7887 994.6198 220.1079 1.5015 1.5941 3.6912 13.7033 1.2391 27.5123 -1.1547 7.4611
Car -1 -1 -2.9101 655.7945 182.5497 744.0581 217.7829 1.5002 1.6124 3.6245 4.0753 1.3878 31.9948 -2.7834 7.3146
Car -1 -1 -2.1040 0.0000 206.0269 312.5040 375.0000 1.7216 1.6375 4.0480 -4.9059 1.9555 6.5070 -2.7500 6.5212
Car -1 -1 -0.6209 910.5237 179.8887 987.2635 207.0169 1.5166 1.5951 3.7573 19.5506 1.2199 41.3027 -0.1788 3.5051
Car -1 -1 -1.7785 750.1348 178.3278 790.2537 206.2078 1.5903 1.6012 3.6738 9.6052 1.1985 42.8478 -1.5579 2.5303
Car -1 -1 -2.3425 122.4610 189.1026 460.5961 344.4963 1.6554 1.7110 3.9524 -4.1137 1.7149 9.2597 -2.7606 1.2088
Car -1 -1 0.0033 694.2473 179.4085 774.5589 211.0372 1.5461 1.6368 3.9034 6.3433 1.2633 36.2830 0.1763 0.2084
Car -1 -1 -0.4106 742.1592 178.0511 808.7862 203.3194 1.6242 1.6562 3.9423 11.0097 1.1648 47.3740 -0.1823 -0.0210
