Car -1 -1 1.6954 363.1661 193.3427 443.8092 262.4734 1.7310 1.7266 4.0562 -5.7878 1.9896 20.6315 1.4219 15.5877
Car -1 -1 -2.1419 807.0222 210.8596 1017.9978 312.1722 1.4042 1.5690 4.0443 5.2676 1.9516 13.1743 -1.7616 14.2714
Car -1 -1 2.1354 0.0000 186.8037 103.5173 323.2270 1.6258 1.6746 4.2563 -9.7092 1.6558 10.8519 1.4055 12.3390
Car -1 -1 1.5075 523.8705 200.8653 562.8887 234.8285 1.4900 1.6619 4.0163 -3.2702 2.3120 35.5921 1.4159 10.4595
Car -1 -1 -2.2565 995.2590 193.5639 1234.4187 294.7334 1.7490 1.7299 4.2563 10.1835 1.9497 14.9828 -1.6595 6.8402
Car -1 -1 1.6483 529.0665 205.5572 562.7094 235.5979 1.4861 1.5789 3.8243 -3.4329 2.6756 40.0739 1.5629 2.3879
Car -1 -1 -1.6137 497.5123 203.4375 526.0942 231.0441 1.5404 1.5956 3.6467 -6.0110 2.7211 44.5958 -1.7477 1.1619
Car -1 -1 -2.1993 905.3631 207.3438 1153.8691 309.6238 1.4949 1.7246 4.5721 7.7378 1.9972 13.9030 -1.6914 0.6279
Car -1 -1 1.6094 455.8261 198.9724 477.6202 218.4968 1.4730 1.6133 3.9043 -11.5933 2.6460 59.1776 1.4160 -0.2012
Car -1 -1 0.7578 422.1952 195.9032 480.9999 218.7502 1.4989 1.6257 4.0194 -11.0089 2.2770 50.5161 0.5432 -1.2454
