Car -1 -1 1.6945 327.1736 188.7076 412.4731 261.3754 1.7815 1.7350 4.3163 -6.5704 1.8915 20.1231 1.3789 12.4067
Car -1 -1 -2.1531 788.7228 207.4339 1001.3433 310.7812 1.4160 1.6012 3.8711 4.8130 1.8766 12.7978 -1.7933 11.2018
Car -1 -1 0.9598 895.5576 207.4594 1133.9947 308.8839 1.4435 1.6623 4.2834 7.2186 1.9290 13.4270 1.4531 10.1133
Car -1 -1 1.5202 495.5512 195.9893 535.3846 230.4654 1.5083 1.7027 4.2942 -4.5968 2.0699 35.1263 1.3901 9.4895
Car -1 -1 2.1661 0.0000 195.2080 53.4894 328.4514 1.5043 1.6238 3.8255 -10.1310 1.6788 10.4407 1.3958 6.1637
Car -1 -1 -2.3942 998.7618 196.7011 1240.0000 304.2786 1.7141 1.6508 3.9619 9.7620 1.9729 14.0124 -1.7857 4.4661
Car -1 -1 1.9921 332.4068 198.6696 426.6025 247.5506 1.5053 1.6553 4.0498 -7.9811 2.0213 25.4010 1.6876 2.5801
Car -1 -1 -1.6564 508.0615 199.5150 541.3348 229.0654 1.6601 1.7021 4.0712 -5.2254 2.5923 44.6398 -1.7730 1.0047
Car -1 -1 -1.5479 469.7116 200.5767 497.0841 226.0525 1.4314 1.6009 4.0508 -7.7811 2.4409 45.0659 -1.7189 -0.4242
Car -1 -1 1.6571 415.2110 191.1861 445.7338 218.9934 1.8221 1.6974 4.5476 -12.4245 2.2624 50.4976 1.4159 -1.0331
