Car -1 -1 -1.8297 745.4513 178.3145 927.7085 298.4946 1.4726 1.5900 3.7873 3.1186 1.3892 10.7169 -1.5465 13.7575
Car -1 -1 -1.7331 690.6429 174.8502 771.5229 235.0796 1.4537 1.5401 3.5581 3.1369 1.2047 19.1261 -1.5705 13.2288
Car -1 -1 3.5016 192.9910 195.8816 380.0814 261.4633 1.4106 1.5356 3.6414 -7.3583 1.6712 16.6117 3.0846 12.1475
Car -1 -1 3.6405 79.2766 202.1247 342.3976 278.2527 1.3735 1.6054 4.2864 -7.7035 1.7258 14.1258 3.1412 10.9700
Car -1 -1 3.4590 235.2466 190.0833 398.2646 248.1876 1.4419 1.5686 3.6649 -7.5902 1.5770 18.8871 3.0769 10.6424
Car -1 -1 3.3372 418.6128 184.7492 496.6983 213.7628 1.4004 1.5252 3.5444 -7.3975 1.3790 35.4729 3.1316 10.2490
Car -1 -1 -2.2799 940.8768 198.1381 1240.0000 375.0000 1.4357 1.5608 3.8137 3.0166 1.5292 3.1971 -1.5235 8.0845
Car -1 -1 -1.1404 0.0000 205.1145 206.2500 338.5279 1.4216 1.5450 3.4169 -7.1099 1.7506 10.0215 -1.7575 4.9967
Car -1 -1 -2.7392 281.8814 185.1815 425.3989 238.9056 1.5301 1.6242 3.6878 -7.5392 1.5302 21.3972 -3.0780 4.8351
Car -1 -1 -0.0813 638.3139 177.0929 698.1318 202.5914 1.6992 1.6560 3.9168 4.0431 1.1590 48.7315 0.0015 0.8059
Car -1 -1 0.0598 642.5953 174.9874 707.8651 201.2442 1.5336 1.6102 3.8051 4.0396 0.9373 43.0680 0.1534 -0.0188
