Car -1 -1 -1.8548 696.4374 184.4963 819.1626 261.2960 1.4680 1.5904 3.7571 3.0723 1.4554 15.6795 -1.6614 15.6891
Car -1 -1 0.4492 147.7813 193.8280 356.0217 270.8059 1.4859 1.5298 3.5378 -7.2758 1.6740 14.8238 -0.0071 14.1900
Car -1 -1 -1.8862 743.9280 190.1292 934.7273 309.5752 1.4174 1.5476 3.5523 3.0901 1.5024 10.4715 -1.5992 13.9136
Car -1 -1 -2.0040 812.3392 194.6518 1183.4941 375.0000 1.4333 1.4925 3.1464 2.8929 1.5363 6.1778 -1.5661 13.6485
Car -1 -1 3.5351 182.4885 176.4491 376.7491 255.3261 1.7850 1.7248 3.8605 -7.7686 1.5877 17.1860 3.1105 11.2873
Car -1 -1 -1.6653 657.3437 184.4059 705.5054 222.2797 1.4331 1.5679 3.8732 2.8842 1.4036 29.1362 -1.5666 9.8247
Car -1 -1 -1.7409 671.8917 184.1291 740.6750 232.0655 1.4177 1.5537 3.8119 3.0476 1.3867 23.1905 -1.6102 8.7511
Car -1 -1 -2.7017 332.1723 188.2258 459.0039 230.8051 1.3937 1.5718 3.8906 -7.3042 1.5030 24.7501 -2.9887 5.1770
Car -1 -1 3.3070 308.6055 187.4206 436.4001 236.6384 1.4400 1.5338 3.5368 -7.1987 1.5121 22.1401 2.9926 4.8448
Car -1 -1 -1.7717 632.0293 184.1718 666.5767 207.4014 1.5489 1.6599 3.8212 2.8231 1.4804 49.9386 -1.7152 3.2626
Car -1 -1 -1.5157 433.3992 179.8427 477.3083 222.0145 1.7038 1.6525 3.6595 -6.5440 1.4879 30.9736 -1.7239 2.5017
Car -1 -1 1.5510 502.8740 181.0625 526.4982 202.6223 1.5439 1.6607 4.0345 -6.9877 1.2476 53.5920 1.4214 2.3195
Car -1 -1 1.7432 470.6277 188.6686 508.0552 213.2933 1.4175 1.6016 3.9620 -7.2100 1.6392 43.9229 1.5805 2.1738
