Car -1 -1 -1.8393 724.1284 179.7055 878.6452 280.5856 1.5009 1.6288 3.6779 3.1355 1.4200 12.5488 -1.5944 16.4900
Car -1 -1 3.6581 73.8986 193.3054 326.1443 283.8798 1.5366 1.5724 3.7209 -7.3629 1.6945 13.1299 3.1470 15.8351
Car -1 -1 3.4957 214.5264 187.7021 396.8803 248.8426 1.4467 1.6376 3.8782 -7.4868 1.5131 17.9755 3.1011 11.4107
Car -1 -1 -1.7837 673.1546 176.6656 761.7757 234.5457 1.4887 1.6429 4.1348 2.9778 1.2699 20.6050 -1.6401 11.1889
Car -1 -1 3.3678 323.7220 180.9779 461.3325 229.4108 1.5674 1.6757 4.1743 -7.2033 1.4314 24.2275 3.0788 10.4670
Car -1 -1 3.4045 258.9506 175.0580 428.1808 239.8184 1.7526 1.7526 4.2208 -7.4570 1.4789 20.5048 3.0557 10.2245
Car -1 -1 -2.4587 977.4635 203.7074 1240.0000 375.0000 1.5099 1.5779 3.6934 3.2602 1.6349 2.9300 -1.6200 8.7882
Car -1 -1 -1.6743 655.1949 176.5260 709.0636 216.3401 1.4407 1.6415 4.3290 2.7967 1.1274 28.1766 -1.5754 8.6758
Car -1 -1 -1.4361 507.3736 173.9919 531.8676 193.3438 1.6681 1.6563 3.8872 -7.8136 0.7018 63.9142 -1.5577 4.2392
Car -1 -1 -2.3515 434.6395 180.0475 505.7584 210.0383 1.5924 1.6446 3.8501 -7.6905 1.3191 39.9306 -2.5417 1.8696
Car -1 -1 -2.4539 490.4824 178.1892 536.5354 195.8006 1.4610 1.5985 3.7248 -8.0583 0.8792 61.2942 -2.5846 0.7855
Car -1 -1 -0.3148 664.2954 170.3849 728.6364 194.6772 1.4800 1.5710 3.6838 5.4998 0.5776 44.9153 -0.1929 -0.5613
Car -1 -1 -2.3735 445.9445 180.2524 508.9989 206.2713 1.4717 1.5595 3.5669 -7.7080 1.1921 42.2955 -2.5538 -0.5944
Car -1 -1 -2.2948 391.4826 181.4607 479.5874 219.6614 1.5010 1.5820 3.5892 -7.2281 1.3545 29.9172 -2.5318 -1.0248
