Car -1 -1 -1.8313 729.3242 181.2109 896.0996 287.7208 1.4641 1.6121 3.9186 3.0994 1.4102 11.8405 -1.5753 12.7568
Car -1 -1 -1.7123 686.7099 178.1578 762.7091 234.7321 1.4497 1.5669 3.8687 3.1665 1.2700 20.3611 -1.5580 12.0948
Car -1 -1 3.6000 124.5045 202.0220 360.7346 272.4282 1.3727 1.5887 4.1891 -7.6412 1.7483 15.2070 3.1344 11.5921
Car -1 -1 3.5028 224.0008 196.3548 393.6311 257.0363 1.3984 1.5352 3.5408 -7.3052 1.6864 17.6850 3.1111 10.4323
Car -1 -1 -2.1727 885.9700 201.3347 1240.0000 375.0000 1.4064 1.5452 3.8832 3.0321 1.5448 4.1569 -1.5425 9.9941
Car -1 -1 3.7163 0.0000 215.7722 255.3519 334.1173 1.4576 1.6159 4.1722 -7.5764 1.9350 10.2660 3.0805 9.2957
Car -1 -1 0.2206 420.4448 186.1589 502.5339 215.2562 1.4451 1.6140 3.8365 -7.4348 1.4954 36.5979 0.0202 7.9308
Car -1 -1 1.6686 522.4147 183.4370 546.1118 201.8385 1.4744 1.5749 3.9802 -6.0726 1.3330 59.5864 1.5671 2.7762
Car -1 -1 1.5336 519.8647 182.9806 543.0596 202.6231 1.4440 1.6090 4.0035 -5.8782 1.2808 54.9392 1.4270 -0.0618
Car -1 -1 -0.6934 630.7741 177.1649 689.4614 201.4095 1.6452 1.6464 3.9909 3.6862 1.1000 50.6061 -0.6207 -0.5999
