Car -1 -1 -1.8793 701.5154 182.4322 839.2767 267.1185 1.4934 1.6297 3.7304 3.0878 1.4454 14.6099 -1.6711 15.1273
Car -1 -1 -1.9036 758.1211 191.7117 977.3152 329.9910 1.4394 1.5547 3.5006 3.0858 1.5415 9.4070 -1.5866 15.0130
Car -1 -1 3.5851 149.9261 175.7787 363.2610 259.5144 1.7821 1.6704 3.9759 -7.8098 1.5824 16.1447 3.1346 13.4083
Car -1 -1 0.4928 96.0609 194.3702 342.9084 274.2875 1.4250 1.5756 3.8874 -7.3640 1.6119 13.7881 0.0023 13.1660
Car -1 -1 -2.0587 844.1320 196.9900 1240.0000 375.0000 1.4146 1.4557 3.1154 2.8654 1.5263 5.1767 -1.5532 11.9832
Car -1 -1 -1.7581 674.2647 183.5676 752.5481 234.6778 1.4163 1.6034 4.1259 3.0834 1.3717 22.0152 -1.6190 9.4906
Car -1 -1 -1.6772 659.2945 182.5854 710.3463 222.9968 1.4699 1.5855 3.5969 2.8943 1.3753 27.9440 -1.5740 9.2495
Car -1 -1 -1.6514 650.8501 178.1586 694.8169 216.6336 1.6295 1.6534 3.8631 2.8378 1.3318 32.3794 -1.5639 8.5508
Car -1 -1 0.0636 447.5985 186.3151 513.6204 210.7900 1.4511 1.6117 3.8608 -7.7129 1.5206 43.7214 -0.1111 7.3774
Car -1 -1 3.4623 318.9692 187.9378 450.9835 232.8541 1.4175 1.5763 3.8422 -7.2912 1.5111 23.6107 3.1628 7.3570
Car -1 -1 -2.8462 294.6508 187.7910 431.3628 238.2663 1.4194 1.5290 3.5093 -7.1555 1.4991 21.1140 -3.1730 7.1848
Car -1 -1 -1.4640 637.1337 182.0864 665.1044 203.5232 1.3967 1.5370 3.4055 2.9427 1.1940 48.6401 -1.4036 3.9774
Car -1 -1 1.6975 501.6446 181.5693 531.6474 203.3301 1.5285 1.6809 4.0197 -6.6314 1.2735 52.5002 1.5719 1.4754
Car -1 -1 -1.3650 421.3689 180.0322 478.5443 222.5575 1.6589 1.6234 3.5603 -6.5138 1.4579 29.8269 -1.5800 -0.0717
Car -1 -1 -1.8641 686.7420 182.8339 732.3570 209.4635 1.5046 1.6246 3.8583 5.9560 1.3711 42.6433 -1.7253 -0.4973
