Car -1 -1 -1.7994 696.8366 186.6353 817.4957 263.0428 1.4259 1.6064 4.1832 3.0246 1.4620 15.6098 -1.6080 15.2634
Car -1 -1 -2.0066 754.5650 187.2630 1067.6782 361.6913 1.5306 1.6763 4.1092 3.0938 1.5620 8.4729 -1.6565 14.1058
Car -1 -1 -1.6809 658.6614 177.9649 714.8985 225.7702 1.6187 1.6098 3.8654 2.7738 1.3743 26.2732 -1.5757 12.7554
Car -1 -1 3.7053 0.0000 167.2065 218.2735 327.2571 1.9413 1.7317 3.8400 -7.7466 1.7240 9.7800 3.0354 12.3302
Car -1 -1 3.5191 134.4310 191.9929 360.5596 265.9129 1.4087 1.5801 3.8574 -7.3257 1.5585 14.8139 3.0598 11.1708
Car -1 -1 -1.7265 669.0127 185.2430 739.6364 236.8235 1.4287 1.5432 3.6975 2.7937 1.4307 21.7791 -1.5989 10.3277
Car -1 -1 0.7854 0.0000 196.0026 151.3414 359.8702 1.5020 1.6832 4.1412 -7.4532 1.6294 7.5533 0.0067 6.8480
Car -1 -1 -1.6622 638.2323 182.7944 669.7941 208.0832 1.4331 1.5407 3.5130 2.6711 1.2970 42.5112 -1.5995 6.6744
Car -1 -1 3.2878 438.5435 181.5792 514.7238 205.5472 1.4857 1.6930 4.5445 -8.2717 1.2614 45.4791 3.1079 5.9255
Car -1 -1 -2.8606 211.3890 193.0533 393.0623 254.9791 1.3806 1.5339 3.7341 -7.2562 1.5805 17.2508 -3.2588 5.9220
Car -1 -1 -2.8781 358.9883 184.9251 476.6092 224.5309 1.5684 1.7131 4.3454 -7.7202 1.5580 29.3330 -3.1354 3.6309
Car -1 -1 1.7019 620.6416 177.0551 641.9609 193.0463 1.4779 1.5719 3.5860 2.2562 0.7248 68.3315 1.7349 2.0675
Car -1 -1 -1.4702 381.6371 179.1044 444.9129 235.4342 1.6815 1.6352 3.5093 -6.2692 1.5002 23.3180 -1.7329 -1.3447
