Car -1 -1 -1.8588 749.9682 185.1612 927.7282 301.5731 1.4652 1.5613 3.4161 3.1951 1.4657 10.7527 -1.5700 13.5214
Car -1 -1 3.6444 0.0000 206.3063 248.7452 320.9873 1.4620 1.5711 3.4829 -7.4244 1.7998 10.4960 3.0288 12.1325
Car -1 -1 -1.7233 685.6388 179.8410 766.0012 243.2832 1.4859 1.5228 3.3803 2.9031 1.3611 18.5249 -1.5678 11.9537
Car -1 -1 3.6350 43.4034 198.8550 314.3490 291.7451 1.5164 1.6120 3.8684 -7.5640 1.7785 12.8686 3.1036 9.7806
Car -1 -1 3.7349 0.0000 219.0544 179.4056 370.6930 1.4147 1.5851 3.9485 -7.4408 1.8539 8.2394 3.0004 9.4324
Car -1 -1 -1.7210 675.8497 181.5593 739.7583 230.2591 1.4378 1.5142 3.3612 3.0733 1.3310 22.9128 -1.5876 7.4179
Car -1 -1 -1.7030 660.7055 179.8826 715.0176 219.3229 1.4606 1.6216 3.9849 3.0789 1.2643 28.6305 -1.5959 5.1480
Car -1 -1 1.5180 504.9010 185.5327 531.6097 206.9509 1.4283 1.6209 4.2897 -6.3145 1.4526 50.2545 1.3930 3.0012
Car -1 -1 1.7896 407.3956 179.4269 471.6881 220.3833 1.5229 1.6472 4.1331 -6.6848 1.3088 28.8002 1.5615 2.7131
Car -1 -1 -1.4158 646.5982 178.8367 686.2595 207.8274 1.5799 1.6914 3.8784 3.3864 1.2334 41.2542 -1.3339 2.2536
Car -1 -1 1.7336 487.6638 184.8199 524.1086 210.4703 1.4769 1.5641 3.9156 -6.1221 1.4552 43.3612 1.5933 2.0061
