Car -1 -1 -1.9699 746.0870 186.3461 972.1425 323.3248 1.5817 1.6387 3.7478 3.2589 1.6020 10.2700 -1.6626 14.9697
Car -1 -1 3.4909 267.8567 189.3439 418.6994 245.1203 1.5248 1.5786 3.7353 -7.5256 1.6486 20.5576 3.1400 13.9220
Car -1 -1 -1.7431 680.3387 180.1015 763.0965 239.5128 1.5011 1.6334 3.7522 3.0285 1.3730 20.0530 -1.5933 13.5215
Car -1 -1 -1.7562 652.4457 180.2473 713.4231 221.1441 1.4811 1.6258 4.1129 2.8222 1.3023 28.1474 -1.6562 10.8221
Car -1 -1 3.8894 0.0000 213.2026 149.9123 375.0000 1.4782 1.5823 4.0203 -7.0675 1.7873 7.0336 3.1016 7.7479
Car -1 -1 -2.8459 323.4390 190.0437 452.2496 232.2966 1.4410 1.6315 4.0747 -7.7734 1.6190 25.5145 -3.1416 5.6106
Car -1 -1 3.2520 355.3733 177.9350 466.2950 225.9786 1.7879 1.6790 3.9895 -7.5901 1.5180 27.8852 2.9862 5.5860
Car -1 -1 -0.7106 910.6856 197.6355 1240.0000 375.0000 1.6262 1.7426 4.1053 4.5046 1.7307 5.0754 0.0153 4.1638
Car -1 -1 -1.6700 639.0882 180.9494 679.1213 212.3376 1.4577 1.5700 3.9456 2.4408 1.2607 35.3768 -1.6011 3.3808
Car -1 -1 -2.3765 442.5329 182.1795 509.8642 207.4685 1.4326 1.5858 3.8974 -7.8163 1.2618 42.4549 -2.5586 3.3037
Car -1 -1 -1.5601 448.8504 183.5736 486.1755 219.4113 1.5339 1.5756 3.5741 -6.3866 1.4647 32.6640 -1.7532 2.2646
Car -1 -1 -2.4110 458.8459 183.5038 516.9549 206.0735 1.4327 1.5686 3.6533 -7.9172 1.3251 47.2672 -2.5770 0.0290
Car -1 -1 1.5299 513.1080 181.6213 531.3084 198.3064 1.5424 1.5686 3.5949 -8.1614 1.2112 68.3468 1.4110 -0.6119
Car -1 -1 -2.9842 465.6715 182.3135 519.7958 202.0858 1.4494 1.5919 3.7752 -8.5473 1.2378 53.4896 -3.1426 -1.2210
