Car -1 -1 -1.8933 708.6573 183.8221 859.5679 275.2500 1.4803 1.6099 3.7566 3.0963 1.4589 13.5838 -1.6692 15.8075
Car -1 -1 0.5230 60.2157 196.4503 324.9253 282.3776 1.4081 1.5508 3.8106 -7.2839 1.6211 12.7656 0.0045 15.2610
Car -1 -1 -2.6895 122.6211 175.7023 347.5670 264.4523 1.7617 1.6842 3.8643 -7.7654 1.5740 15.1494 -3.1632 13.8263
Car -1 -1 -1.9509 773.9974 194.1021 1036.2402 355.7286 1.4363 1.5326 3.4614 3.0807 1.5621 8.3269 -1.5966 13.1411
Car -1 -1 -1.7623 676.5126 183.3046 761.0933 237.4652 1.4152 1.6205 4.2666 3.0700 1.3664 20.9485 -1.6168 11.1399
Car -1 -1 -1.6747 660.5826 182.7267 714.3629 224.8253 1.4688 1.6015 3.8269 2.8833 1.3831 26.9928 -1.5683 10.7911
Car -1 -1 -2.6682 314.7114 187.7476 446.9500 234.9672 1.4177 1.5476 3.6956 -7.1876 1.5028 22.7644 -2.9740 9.0643
Car -1 -1 -2.7849 268.7235 187.9195 422.6122 241.0388 1.4270 1.5676 3.7508 -7.3240 1.5071 20.1888 -3.1329 8.8980
Car -1 -1 -2.1695 885.5491 193.9609 1240.0000 375.0000 1.4573 1.5095 3.2393 2.9108 1.5288 4.1458 -1.5574 7.4004
Car -1 -1 -2.8225 355.1272 180.6691 471.5850 227.6385 1.7641 1.7259 4.0379 -7.5420 1.5944 27.9690 -3.0859 5.2655
Car -1 -1 3.2503 469.6397 181.2232 528.3094 201.5592 1.4070 1.5929 3.9357 -7.6436 1.1319 50.6093 3.1004 3.7562
Car -1 -1 -1.6837 651.6963 177.9530 701.4992 219.1608 1.6648 1.7016 3.8205 2.8646 1.3725 30.9661 -1.5915 3.3669
Car -1 -1 -1.6011 639.4764 183.3131 664.9612 205.9540 1.4454 1.5747 3.5014 2.8941 1.3250 47.6609 -1.5404 2.6666
Car -1 -1 1.5870 461.1622 186.8929 490.3077 214.0145 1.5162 1.6182 3.8000 -7.7888 1.6211 42.4394 1.4055 1.5988
Car -1 -1 -0.8368 629.3698 174.7904 682.1639 196.4591 1.5268 1.6528 3.9245 3.5234 0.7934 52.6069 -0.7699 -0.1510
Car -1 -1 -1.8717 693.0948 181.3092 741.7572 208.8642 1.4953 1.6426 3.9505 6.1784 1.2844 41.0813 -1.7224 -0.4709
