Car -1 -1 -1.8345 708.7792 187.8255 854.9855 277.4761 1.4154 1.5946 4.1303 3.0313 1.4734 13.5657 -1.6146 15.1534
Car -1 -1 -2.1131 794.3657 190.9618 1240.0000 375.0000 1.5583 1.7019 3.9963 3.0867 1.6260 6.2597 -1.6550 14.3415
Car -1 -1 -1.7002 678.5838 184.6319 753.2170 242.5613 1.4380 1.5429 3.5715 2.8168 1.4246 19.6361 -1.5577 12.2768
Car -1 -1 -1.6676 663.2037 178.5517 724.5497 230.9304 1.6134 1.6554 3.8371 2.7607 1.4092 24.0710 -1.5534 10.9834
Car -1 -1 3.5503 43.4833 193.5747 321.2404 284.8795 1.4612 1.6391 3.9079 -7.3861 1.6226 12.7334 3.0246 10.7745
Car -1 -1 3.5297 138.9542 194.4452 365.2357 267.2301 1.4113 1.5805 3.9553 -7.3698 1.6180 15.0873 3.0753 9.5958
Car -1 -1 -1.7723 635.3473 182.4827 675.9888 209.7119 1.4581 1.5751 3.6337 2.6166 1.3129 40.3976 -1.7076 8.4366
Car -1 -1 3.4006 343.5010 185.3840 465.9797 225.4250 1.4633 1.6255 4.1704 -7.6262 1.4709 27.1172 3.1265 7.1345
Car -1 -1 2.2681 0.0000 153.0638 149.4054 375.0000 1.8840 1.6161 3.7778 -6.6411 1.6459 7.2685 1.5278 6.1923
Car -1 -1 3.2845 435.9267 183.4431 508.4949 207.5804 1.4216 1.6363 4.0996 -8.1342 1.3183 43.2395 3.0985 5.5506
Car -1 -1 -1.6325 634.3398 179.3030 662.6327 204.8430 1.5644 1.5752 3.5969 2.5377 1.2034 45.8324 -1.5772 3.2543
Car -1 -1 1.7088 620.5238 177.6938 643.5077 194.6022 1.5106 1.6231 3.6998 2.2523 0.8397 66.1786 1.7428 1.2288
Car -1 -1 1.8292 369.9677 165.9685 425.6855 205.9728 2.3923 2.0286 5.6551 -13.3004 1.2424 45.8364 1.5468 -0.6242
