Car -1 -1 -1.8073 689.4127 184.6123 798.8537 255.3033 1.4624 1.5962 3.9951 3.0139 1.4511 16.9097 -1.6310 14.5862
Car -1 -1 -1.9282 765.5160 183.0762 1018.8128 335.2453 1.4996 1.6170 3.7638 3.1711 1.4796 8.9765 -1.5886 14.1765
Car -1 -1 3.5202 175.9639 187.0790 392.4855 263.2475 1.6874 1.7327 4.3144 -7.5196 1.7348 16.9186 3.1020 12.8638
Car -1 -1 3.5470 113.5645 201.0364 346.2825 282.4353 1.4730 1.6044 3.7757 -7.4189 1.8098 14.3072 3.0686 12.6306
Car -1 -1 3.4210 280.3950 192.7451 438.1855 249.0935 1.5265 1.6372 3.9848 -7.0763 1.7534 20.6345 3.0906 9.0049
Car -1 -1 -2.9792 339.9728 192.2408 450.8339 234.3655 1.4461 1.5650 3.6423 -7.6464 1.7112 26.0083 -3.2651 8.8974
Car -1 -1 1.4380 664.1510 184.1499 727.4939 230.2354 1.4298 1.5961 3.9245 2.8474 1.3979 24.2737 1.5548 8.7018
Car -1 -1 3.7993 0.0000 205.3479 232.4763 348.6219 1.6916 1.6106 3.5181 -7.2117 1.9831 9.5388 3.1520 6.7982
Car -1 -1 1.7261 501.7461 184.5661 531.5485 204.5710 1.5516 1.7659 4.1091 -7.3028 1.5024 57.8325 1.6005 2.9104
Car -1 -1 -1.3006 359.4338 190.2407 452.6619 243.9443 1.5340 1.7327 4.5713 -6.4169 1.7137 23.2444 -1.5700 1.3192
Car -1 -1 -1.2845 369.1277 190.7846 413.8095 217.2448 1.5044 1.5774 3.8334 -13.0846 1.8582 43.5973 -1.5761 1.2706
