Car -1 -1 -1.8034 716.6839 186.5765 863.0449 286.1362 1.4146 1.5410 3.5515 2.8190 1.4418 12.0361 -1.5733 15.3323
Car -1 -1 -1.7254 684.2380 170.8763 786.0038 253.5447 1.6842 1.6741 4.0767 2.7657 1.3932 16.6880 -1.5611 13.1355
Car -1 -1 -2.5219 0.0000 195.5880 215.4324 312.7274 1.4531 1.5844 3.7424 -7.7920 1.6104 9.9438 -3.1866 12.7722
Car -1 -1 3.6506 52.1870 170.1733 315.3972 281.1203 1.8708 1.6325 3.7780 -7.5443 1.6183 12.9674 3.1237 12.7095
Car -1 -1 -2.0597 809.3002 193.8957 1240.0000 375.0000 1.4621 1.5956 3.7481 3.0448 1.5605 6.1562 -1.6003 11.2327
Car -1 -1 -1.6782 644.3085 176.2302 689.4405 212.7141 1.5740 1.6429 3.8902 2.6180 1.1875 32.9778 -1.5989 11.0410
Car -1 -1 -2.3779 0.0000 205.8578 148.6662 359.0119 1.4034 1.5738 3.9192 -7.3740 1.6459 7.5990 -3.1482 9.4450
Car -1 -1 3.5017 238.7466 190.4156 417.0105 243.0763 1.3620 1.5907 4.2340 -7.5620 1.5106 19.5636 3.1328 9.2940
Car -1 -1 3.3989 341.9222 183.3977 463.1304 220.7114 1.3972 1.6328 4.2278 -7.8957 1.3303 27.7719 3.1219 8.0423
Car -1 -1 1.6935 623.3011 171.8677 648.2471 191.8763 1.5797 1.5984 3.6829 2.3032 0.5270 58.6957 1.7327 3.9703
Car -1 -1 -1.8268 652.1716 173.7590 722.8868 217.5641 1.4986 1.6400 3.9578 2.8306 1.1078 26.6684 -1.7210 0.0308
Car -1 -1 -1.6706 670.9626 176.4144 698.9887 200.2104 1.7319 1.6891 4.2347 5.7894 1.0925 54.4376 -1.5647 -0.0179
