Car -1 -1 -1.8787 728.8939 177.3116 920.8506 292.1254 1.4579 1.6141 4.0652 3.0622 1.3586 11.1877 -1.6116 13.4779
Car -1 -1 3.6393 0.0000 178.9712 292.9004 303.8377 1.7452 1.6926 4.0849 -7.3055 1.6590 11.0618 3.0556 13.0236
Car -1 -1 -1.6840 659.6709 172.0887 712.7011 213.8757 1.4323 1.5246 3.6218 2.7807 0.9835 26.4527 -1.5792 10.9451
Car -1 -1 -1.7404 680.1321 174.2356 772.2038 236.0707 1.4222 1.6351 4.1720 2.8911 1.1708 18.6288 -1.5865 10.5070
Car -1 -1 3.5115 128.4316 185.8324 376.8814 268.6259 1.5793 1.6599 4.2531 -7.1510 1.5939 14.7250 3.0594 10.1172
Car -1 -1 3.8035 0.0000 201.8414 190.8870 344.1040 1.4613 1.6275 4.0612 -7.5236 1.6815 8.5341 3.0810 9.4453
Car -1 -1 -1.6675 644.4253 172.6617 683.9597 205.3821 1.5090 1.5697 3.5530 2.6624 0.9311 34.9401 -1.5914 8.8884
Car -1 -1 -2.9626 312.4879 186.3309 442.4927 227.4572 1.3538 1.5669 4.0497 -7.8771 1.3950 24.7538 -3.2707 8.1078
Car -1 -1 -1.5635 488.5148 174.7236 512.7496 197.9356 1.6129 1.6697 3.5398 -7.7282 0.8850 51.8171 -1.7115 2.7724
Car -1 -1 -1.3496 414.6206 178.5094 473.8310 216.1301 1.6198 1.7373 4.3975 -7.4847 1.3322 33.1470 -1.5717 1.9164
Car -1 -1 -1.4086 631.2382 173.6723 671.2322 203.2088 1.5940 1.6777 3.7935 2.4879 0.9722 40.8256 -1.3477 -1.0143
