Car -1 -1 -1.7432 693.0909 179.6987 788.6445 251.0409 1.4637 1.5462 3.4973 2.8917 1.3516 16.4941 -1.5697 12.9019
Car -1 -1 -1.9276 778.1049 185.3766 1025.0659 345.2484 1.5380 1.5524 3.4298 3.1829 1.5414 8.6329 -1.5744 11.9590
Car -1 -1 -1.7713 681.4396 179.0512 763.9190 236.1666 1.4801 1.5931 3.7023 3.1322 1.3215 20.5125 -1.6198 8.5256
Car -1 -1 3.4197 339.4334 191.4691 458.0968 232.9324 1.3867 1.5402 3.6909 -7.2598 1.6125 25.0493 3.1376 8.0043
Car -1 -1 -1.8145 663.2427 177.6115 737.6664 225.8843 1.5998 1.7268 3.9950 3.2043 1.3489 25.9069 -1.6914 4.5876
Car -1 -1 -1.0343 0.0000 204.7111 234.7781 370.5001 1.4934 1.6764 4.3724 -6.6649 1.8066 9.2524 -1.6586 4.5008
Car -1 -1 1.5041 497.9625 183.9353 526.8771 206.7433 1.4548 1.6330 4.1957 -6.4357 1.3743 48.0675 1.3710 4.1032
Car -1 -1 3.3895 365.8884 178.5166 467.5871 223.5929 1.6629 1.6548 3.4417 -7.2505 1.4169 27.3625 3.1305 3.6058
Car -1 -1 1.8865 473.5598 182.8352 519.0703 209.9357 1.4778 1.5580 3.5059 -6.3416 1.3491 41.0517 1.7332 2.8130
Car -1 -1 -1.3960 450.6572 184.4279 496.0108 216.9200 1.4307 1.4859 3.5051 -6.2264 1.3972 33.4096 -1.5802 2.7754
