Car -1 -1 -1.9745 794.5961 185.2692 1100.2607 368.1021 1.4977 1.5665 3.5173 3.1906 1.4995 7.6509 -1.5794 13.7478
Car -1 -1 -1.7524 698.1176 177.5717 802.0327 254.5028 1.4700 1.5643 3.4137 2.8866 1.3251 15.4419 -1.5676 13.2566
Car -1 -1 3.8649 0.0000 210.0385 126.8127 374.6186 1.4605 1.5772 3.8898 -7.6184 1.7546 7.5657 3.0760 11.4570
Car -1 -1 -1.8134 662.8187 174.4633 738.1819 221.2974 1.4928 1.6376 4.1337 3.0909 1.1512 25.0596 -1.6907 10.7517
Car -1 -1 3.4343 317.0224 187.4412 453.6175 230.9403 1.4029 1.6115 4.0816 -7.4164 1.4812 24.0826 3.1356 9.9781
Car -1 -1 -1.7734 684.6647 176.9074 772.7199 237.0183 1.4735 1.5960 3.8299 3.1327 1.2710 19.5662 -1.6146 8.9521
Car -1 -1 -1.4024 475.7583 180.9233 515.3207 209.4108 1.5165 1.5707 3.8025 -6.2488 1.2891 40.1765 -1.5567 5.2377
Car -1 -1 0.8827 472.1061 180.4046 532.8836 205.2040 1.5448 1.6653 4.1310 -6.9062 1.2462 46.7790 0.7361 5.0648
Car -1 -1 1.6764 519.8417 178.0972 543.7842 195.5706 1.4717 1.6781 3.8109 -6.5770 0.8733 62.4486 1.5714 2.5899
Car -1 -1 -1.2609 639.5034 175.3728 687.3946 204.4834 1.6376 1.6963 3.9839 3.3249 1.0850 42.5999 -1.1830 0.9814
Car -1 -1 2.0004 0.0000 190.9085 246.9749 342.7270 1.5619 1.6816 4.1768 -6.5438 1.6576 9.7526 1.4094 -0.4579
Car -1 -1 1.7889 431.7535 180.9901 489.0734 216.2419 1.4635 1.6608 3.9992 -6.4857 1.2892 31.8539 1.5881 -1.1455
