Car -1 -1 -1.8343 725.3908 177.2150 901.0448 285.3182 1.4084 1.6004 4.0001 2.9561 1.3053 11.3693 -1.5799 13.7510
Car -1 -1 -1.7115 680.9137 175.4987 761.4133 237.1109 1.4886 1.5905 3.7425 2.8862 1.2550 19.2420 -1.5626 13.0284
Car -1 -1 -2.7140 30.4633 197.3930 313.1794 288.0895 1.4687 1.6377 4.0437 -7.7011 1.7068 12.9485 -3.2505 12.0591
Car -1 -1 3.8314 0.0000 201.5061 193.6639 365.3771 1.4846 1.6614 4.1216 -7.0075 1.6801 7.6339 3.0887 10.4824
Car -1 -1 -1.6963 658.2745 173.9538 710.0978 214.8639 1.4756 1.5562 3.3856 2.8399 1.0705 27.6346 -1.5938 10.3822
Car -1 -1 3.4717 281.2747 192.9965 427.4130 237.3127 1.3224 1.5398 4.0359 -7.8984 1.5757 22.5080 3.1342 9.8269
Car -1 -1 3.4720 194.4418 195.8747 383.0281 257.8437 1.4068 1.5701 3.9215 -7.7287 1.6828 17.5871 3.0579 9.6902
Car -1 -1 -2.9816 451.3178 180.4939 513.8832 207.3677 1.6124 1.6555 3.5537 -7.6454 1.3302 43.9752 -3.1538 7.0512
Car -1 -1 -2.1918 878.1374 188.0905 1240.0000 375.0000 1.5435 1.6107 3.6069 3.0431 1.5690 4.2781 -1.5735 7.0362
Car -1 -1 2.1344 0.0000 201.1751 268.2327 335.2174 1.4142 1.6245 4.1828 -6.6379 1.6882 10.1840 1.5567 3.3342
Car -1 -1 -1.3354 381.7782 186.0447 453.6535 229.7475 1.4622 1.6336 4.0065 -6.8510 1.4958 26.1439 -1.5917 2.4319
Car -1 -1 -1.6452 644.7155 172.7048 689.9592 209.4971 1.6300 1.7931 4.4904 2.7221 1.0769 34.0937 -1.5656 -0.5024
