Car -1 -1 -1.8947 775.4430 181.0835 1030.3740 336.9781 1.4533 1.5883 3.7543 3.1409 1.4159 8.5951 -1.5443 14.6341
Car -1 -1 -1.7546 702.9265 176.7012 796.0264 244.3117 1.4356 1.5305 3.3984 3.1877 1.2559 16.9607 -1.5688 13.3064
Car -1 -1 3.5599 127.4296 198.1620 352.3284 275.3383 1.4308 1.5835 3.7193 -7.3343 1.7091 14.5031 3.0917 12.4060
Car -1 -1 -1.6917 665.8580 173.6969 723.6859 219.4282 1.4667 1.5562 3.4695 2.8911 1.0984 24.7903 -1.5756 11.3004
Car -1 -1 3.7339 0.0000 203.5553 301.0660 297.8887 1.4271 1.6687 4.4628 -7.7943 1.7592 12.0907 3.1613 10.7959
Car -1 -1 3.4737 245.2248 188.7347 405.7509 246.8794 1.4705 1.5808 3.6653 -7.4668 1.5695 19.1429 3.1018 9.7087
Car -1 -1 3.5561 177.7349 191.6857 377.2173 259.5369 1.4955 1.6611 3.9162 -7.6757 1.6561 16.8589 3.1289 9.0049
Car -1 -1 3.8952 0.0000 224.6853 121.0129 375.0000 1.3642 1.5187 3.9202 -7.4360 1.8081 7.2093 3.0943 7.9702
Car -1 -1 0.2463 406.8982 183.8255 495.1737 215.0639 1.4152 1.5924 3.7354 -7.2749 1.3533 33.4179 0.0320 7.7176
Car -1 -1 1.6901 498.3153 178.8726 532.1508 204.2298 1.4927 1.6174 3.8815 -5.6766 1.1204 44.2606 1.5625 0.5369
Car -1 -1 -0.1196 638.3528 175.7801 698.4633 200.1366 1.5624 1.6340 3.7453 3.9109 0.9583 46.9939 -0.0366 0.2527
Car -1 -1 -0.8102 623.8674 174.4976 673.7683 195.5201 1.4649 1.5504 3.5881 2.9673 0.7192 51.8799 -0.7530 -0.7019
Car -1 -1 1.5148 522.8876 185.9367 546.1130 204.4657 1.4717 1.6686 4.3080 -6.1122 1.5348 59.5285 1.4125 -1.3494
Car -1 -1 -1.7584 623.6020 177.5819 647.5771 193.3844 1.4593 1.5874 3.8367 2.6124 0.7555 68.3971 -1.7202 -1.3674
