Car -1 -1 -1.8217 707.7372 187.2357 830.6387 268.0809 1.4197 1.5385 3.5967 3.0670 1.4668 14.5410 -1.6138 14.1504
Car -1 -1 -1.8177 678.6615 184.3448 771.9507 242.3664 1.4352 1.5927 3.9396 3.0737 1.4148 19.8132 -1.6638 14.0297
Car -1 -1 0.3701 249.6367 192.8571 412.7212 250.0269 1.4241 1.5919 3.6818 -7.2378 1.6350 18.9229 0.0048 12.6585
Car -1 -1 -1.8450 740.3613 187.9220 913.0648 307.7119 1.4324 1.4965 3.1605 2.8796 1.4781 10.2438 -1.5709 11.3949
Car -1 -1 -1.7157 662.6646 183.2035 721.6473 223.3372 1.3951 1.6006 4.1863 3.0592 1.3263 27.1034 -1.6033 10.2425
Car -1 -1 -1.6657 652.2703 182.9097 693.3179 215.7697 1.4331 1.5455 3.5196 2.9121 1.3337 33.1130 -1.5780 8.1267
Car -1 -1 -2.4446 1016.5061 207.6079 1240.0000 375.0000 1.5121 1.6096 3.8464 3.1768 1.6506 2.4498 -1.5307 6.2853
Car -1 -1 1.7086 480.2036 184.1871 517.7476 211.1175 1.4900 1.6199 4.0400 -6.3000 1.4343 41.7995 1.5590 5.5341
Car -1 -1 0.1659 467.4057 185.9786 526.4344 206.6736 1.3833 1.5789 3.7624 -7.5335 1.4372 48.9200 0.0131 4.7239
Car -1 -1 1.6357 432.1841 185.8562 479.0919 224.6228 1.4825 1.6350 4.0473 -6.2480 1.5119 29.6753 1.4282 4.0147
Car -1 -1 -2.7120 363.1218 187.8984 468.8786 228.0104 1.4168 1.5444 3.4495 -7.0952 1.5210 26.5782 -2.9728 2.7715
Car -1 -1 -1.2208 445.8252 182.2413 504.6064 218.2521 1.6545 1.6379 3.7199 -6.4159 1.5189 34.9938 -1.4022 -0.5978
