Car -1 -1 -1.9629 731.9910 187.0818 956.0290 312.0794 1.4633 1.6571 3.8954 3.1103 1.4969 10.4950 -1.6747 14.9582
Car -1 -1 -1.7873 687.7508 185.2697 788.3048 249.2218 1.3906 1.5495 4.1282 3.0260 1.3932 17.7296 -1.6182 13.3785
Car -1 -1 3.6586 0.0000 174.9918 285.3098 291.1342 1.7720 1.7591 3.8700 -7.7381 1.6171 11.9531 3.0841 11.8817
Car -1 -1 -2.7779 189.3384 188.1717 389.6747 254.7058 1.4794 1.6416 4.0071 -7.4378 1.5542 16.9802 -3.1908 11.5308
Car -1 -1 -1.6794 667.4780 183.1132 725.9787 230.5589 1.4539 1.5409 3.3927 2.8266 1.3906 23.7284 -1.5608 11.2385
Car -1 -1 3.8120 0.0000 202.1891 244.1101 325.2149 1.4746 1.6847 4.4508 -7.6116 1.7251 9.7021 3.1468 9.3805
Car -1 -1 -1.6686 656.0653 178.6120 709.0780 224.1976 1.6659 1.6696 4.0533 2.8326 1.4257 28.2944 -1.5688 8.2001
Car -1 -1 -2.1109 849.9033 201.8860 1240.0000 375.0000 1.4499 1.5404 3.5597 3.1005 1.6145 5.2616 -1.5784 7.9219
Car -1 -1 -1.6010 640.8496 181.1110 667.3533 204.8574 1.4146 1.5268 3.6397 2.8209 1.1712 44.6642 -1.5379 6.5726
Car -1 -1 -2.7418 258.5560 188.9718 423.5760 242.8754 1.3968 1.5844 3.9189 -7.2476 1.5051 19.6288 -3.0955 5.2103
Car -1 -1 3.2293 452.8054 181.5611 522.6936 204.9893 1.5152 1.7105 4.4244 -7.9051 1.2800 47.5107 3.0645 3.5667
Car -1 -1 1.2646 425.3756 182.6866 486.1959 220.5345 1.5888 1.6228 3.6701 -6.8866 1.4837 32.1682 1.0537 2.7188
Car -1 -1 -1.4078 624.4736 176.7328 646.6201 192.0240 1.4543 1.5931 3.6636 2.7391 0.6487 70.3201 -1.3689 1.8602
Car -1 -1 1.7268 471.5317 184.0823 511.0574 211.9308 1.4963 1.6351 3.7614 -6.5389 1.4365 40.5031 1.5667 1.8302
Car -1 -1 -1.6265 632.7624 178.8162 658.2600 200.8830 1.4799 1.5682 3.5741 2.5736 1.0518 49.9958 -1.5750 -0.1307
Car -1 -1 3.2890 456.6911 183.0386 522.4935 206.6186 1.4780 1.6743 3.9462 -7.5335 1.3427 45.9221 3.1264 -0.3299
