Car -1 -1 -1.8663 725.1764 194.0474 912.1408 307.3454 1.4230 1.6185 4.2100 3.0514 1.5915 11.4900 -1.6068 14.8522
Car -1 -1 -1.7386 684.9512 191.1317 774.2205 257.6472 1.4210 1.5253 3.6395 2.8085 1.5812 17.5045 -1.5795 14.4276
Car -1 -1 3.7185 0.0000 202.9923 266.0322 312.8930 1.4417 1.6208 3.9709 -7.4632 1.7268 10.5948 3.1048 13.1242
Car -1 -1 3.5160 227.9709 182.3080 397.1990 256.2879 1.8033 1.6741 3.6440 -7.4924 1.7335 18.3787 3.1289 12.2001
Car -1 -1 3.6060 49.2131 202.1559 328.6657 288.0504 1.3966 1.5908 4.0747 -7.4209 1.7244 12.9509 3.0857 11.7784
Car -1 -1 -1.7076 664.5145 183.9731 739.2521 241.8267 1.6176 1.6977 4.2572 2.7595 1.5840 22.2358 -1.5842 11.2895
Car -1 -1 -1.6503 641.9365 187.6409 676.8104 216.5266 1.4521 1.5560 3.6793 2.6755 1.5887 38.2919 -1.5806 9.5264
Car -1 -1 -2.3002 854.8314 196.2959 1240.0000 375.0000 1.4938 1.6065 3.9618 3.0621 1.5922 4.2511 -1.6759 8.3104
Car -1 -1 -2.8439 317.4658 194.1680 452.7746 236.7940 1.4137 1.6243 4.2040 -7.7058 1.7363 24.9943 -3.1430 7.4019
Car -1 -1 3.2790 435.7514 188.7575 508.4089 213.8179 1.3928 1.5913 3.9013 -7.7389 1.6008 41.0909 3.0928 5.5820
Car -1 -1 -1.6365 635.1279 186.4350 665.1556 211.8330 1.4704 1.5762 3.6237 2.5079 1.5485 43.6057 -1.5790 4.4921
Car -1 -1 0.2020 390.7194 192.8632 483.9611 223.8231 1.3755 1.5957 3.9537 -7.8534 1.7392 33.2153 -0.0302 3.9997
Car -1 -1 -1.5922 624.1012 182.0935 642.9251 200.2528 1.5756 1.5974 3.6893 2.2673 1.3058 64.2219 -1.5569 -0.3875
