Car -1 -1 3.4511 322.7605 191.3786 447.4293 238.1909 1.4687 1.5537 3.6013 -7.2726 1.6786 23.5540 3.1516 14.1646
Car -1 -1 -1.9140 726.1774 187.3966 885.9396 283.4014 1.4924 1.5985 3.7765 3.3957 1.5396 13.2134 -1.6625 14.0807
Car -1 -1 3.7035 0.0000 205.6715 282.1301 329.9571 1.5259 1.6243 4.0358 -6.9821 1.8382 10.0250 3.0951 14.0495
Car -1 -1 -1.7094 680.0159 182.6296 747.9881 233.8529 1.4991 1.6099 3.8371 3.2605 1.4245 22.9548 -1.5683 13.9883
Car -1 -1 -1.9307 801.7769 197.4551 1067.5569 357.5900 1.4057 1.5540 3.5897 3.4327 1.5809 8.4001 -1.5427 10.7681
Car -1 -1 3.8870 0.0000 225.5264 133.5661 375.0000 1.4259 1.5650 3.9372 -7.1379 1.8658 6.9316 3.0870 9.2137
Car -1 -1 -1.7068 657.1372 181.3378 708.9669 218.7614 1.5129 1.6659 4.1950 3.1565 1.3572 31.1817 -1.6059 7.5506
Car -1 -1 -2.4223 462.7067 185.3314 523.5736 209.0556 1.4463 1.5550 3.6912 -7.2894 1.4550 45.4761 -2.5812 1.7937
Car -1 -1 -1.4500 496.1990 184.6441 525.5496 206.0706 1.4557 1.5983 3.9067 -6.8269 1.4180 50.7992 -1.5836 -0.4037
Car -1 -1 -1.4119 471.9886 184.0861 512.0899 213.2082 1.5759 1.6462 3.9619 -6.5536 1.5160 40.8784 -1.5709 -0.8596
Car -1 -1 0.1047 510.4681 183.7465 550.0651 198.8814 1.4766 1.6021 3.7391 -7.6292 1.3344 70.9361 -0.0024 -1.0973
