Car -1 -1 -1.7916 714.3166 185.9289 842.2093 272.7651 1.4422 1.5648 3.7328 3.0674 1.4589 13.8345 -1.5734 14.6869
Car -1 -1 -2.0098 813.9194 194.4627 1240.0000 375.0000 1.4407 1.6373 4.1951 3.0492 1.5469 6.0468 -1.5428 12.1070
Car -1 -1 3.4655 252.3249 202.0361 412.6223 255.8553 1.3760 1.5290 3.8244 -7.5115 1.8587 19.7396 3.1019 11.8292
Car -1 -1 -1.6875 678.4035 183.5080 741.9159 235.3776 1.4798 1.5421 3.3643 3.0458 1.4322 22.2019 -1.5512 11.4633
Car -1 -1 0.1870 435.9827 193.0099 505.9488 219.4350 1.3769 1.5135 3.4770 -7.3499 1.8055 38.6596 -0.0008 10.5827
Car -1 -1 3.4662 285.9467 197.7302 423.7193 247.7841 1.4560 1.5710 3.6922 -7.7489 1.8563 22.1191 3.1292 10.0277
Car -1 -1 3.6172 0.0000 208.8428 302.3498 302.8214 1.4207 1.6299 4.1021 -7.6856 1.8595 12.3350 3.0600 9.7015
Car -1 -1 3.5754 173.8983 206.0447 389.4562 267.9716 1.3729 1.6335 4.4661 -7.7955 1.9010 17.3411 3.1529 9.6447
Car -1 -1 3.8457 0.0000 215.5808 142.1113 375.0000 1.5223 1.6355 3.7955 -7.4823 1.8881 7.6833 3.0736 9.4678
Car -1 -1 -1.4050 468.2621 185.0810 507.0073 213.1388 1.5687 1.6679 3.5594 -6.9924 1.5623 41.9664 -1.5701 4.8844
Car -1 -1 -1.0786 629.0522 182.6078 676.7283 205.0692 1.5807 1.7192 4.1941 3.3421 1.3983 52.8198 -1.0154 1.4949
Car -1 -1 1.6746 524.1810 188.9991 547.9867 207.1502 1.4839 1.6287 3.9724 -6.1194 1.8197 61.5845 1.5755 -0.7601
Car -1 -1 1.6539 530.0064 190.9584 553.9900 210.5729 1.5008 1.6057 4.0514 -5.3064 1.9832 58.2196 1.5630 -1.2859
