Car -1 -1 -1.8045 721.9887 183.4284 866.2180 279.8366 1.4699 1.6092 3.7500 3.0896 1.4438 12.8336 -1.5682 13.7843
Car -1 -1 -1.7115 681.3600 182.0225 750.3566 235.3011 1.4453 1.5195 3.5025 3.0688 1.3598 21.2502 -1.5681 12.7688
Car -1 -1 0.4286 160.7898 203.3949 375.6345 269.1471 1.3711 1.5588 4.1122 -7.5939 1.8029 16.2259 -0.0092 12.3314
Car -1 -1 3.4771 234.2359 200.8207 402.6704 257.9935 1.3808 1.5376 3.7644 -7.4625 1.8059 18.6745 3.0969 12.1749
Car -1 -1 3.6635 0.0000 213.0657 280.7838 315.1924 1.3942 1.5937 4.2819 -7.6972 1.8701 11.2907 3.0651 11.3066
Car -1 -1 -2.0674 840.5935 198.1301 1240.0000 375.0000 1.4478 1.6162 4.0565 3.0010 1.5775 5.1009 -1.5356 10.8750
Car -1 -1 3.9244 0.0000 218.4286 85.8892 375.0000 1.4879 1.6006 3.9636 -7.5519 1.8433 6.7487 3.0829 9.1828
Car -1 -1 3.3465 429.8977 190.1319 502.5996 217.4888 1.3910 1.5265 3.4961 -7.3972 1.6547 37.6104 3.1523 9.1363
Car -1 -1 3.4731 275.6072 195.1809 416.6882 247.3579 1.4473 1.5726 3.5684 -7.6301 1.7518 21.0628 3.1255 8.3204
Car -1 -1 -1.6624 656.0973 180.1349 701.6195 218.5879 1.4633 1.5103 3.4542 2.7850 1.2711 29.0823 -1.5669 7.8283
Car -1 -1 1.6665 523.9177 187.4287 547.5803 205.7572 1.4849 1.6098 4.0796 -6.0665 1.6794 60.7715 1.5670 1.3692
