Car -1 -1 -1.9514 734.5007 187.9872 916.9098 300.1523 1.5280 1.5917 3.5327 3.2921 1.5815 11.7212 -1.6776 14.7807
Car -1 -1 -2.8289 297.0819 190.9146 432.9047 243.3980 1.5416 1.5610 3.6522 -7.4273 1.7243 22.0877 -3.1533 14.7796
Car -1 -1 -1.7377 678.3867 183.3313 753.5816 238.9039 1.5203 1.6134 3.6822 3.1024 1.4699 21.5216 -1.5945 13.8390
Car -1 -1 -2.0388 826.5019 203.7883 1240.0000 375.0000 1.4458 1.6226 3.9877 3.3796 1.6701 6.6348 -1.5677 10.2406
Car -1 -1 3.7654 0.0000 208.1168 226.2947 360.6602 1.5538 1.6374 3.7575 -6.8951 1.8559 8.5196 3.0850 10.0568
Car -1 -1 3.3801 356.1636 191.0526 462.5208 230.5821 1.4220 1.5468 3.5774 -7.4107 1.6485 26.9263 3.1116 9.8964
Car -1 -1 -1.7182 652.7079 181.8581 709.0338 221.0280 1.5003 1.6853 4.2933 2.9039 1.3728 29.7166 -1.6208 8.5099
Car -1 -1 3.3372 374.8460 181.6439 476.4971 224.0552 1.6844 1.6184 3.7963 -7.4340 1.5437 29.4525 3.0900 7.7307
Car -1 -1 -2.9311 397.9884 185.9937 497.1173 221.3151 1.5871 1.7050 4.2070 -7.3746 1.6251 33.2040 -3.1496 5.3742
Car -1 -1 -0.0893 629.9229 183.0044 682.6852 203.1729 1.4503 1.5785 3.7182 3.5011 1.2924 52.5209 -0.0227 1.7223
Car -1 -1 -2.3907 455.0223 184.1781 514.9947 209.0935 1.4667 1.5805 3.4643 -7.5385 1.4067 43.9243 -2.5607 1.5275
Car -1 -1 -2.2502 483.7894 185.9641 532.7215 204.8017 1.4768 1.6606 4.2244 -8.1493 1.5410 58.5641 -2.3884 1.4679
Car -1 -1 -2.4239 470.0447 183.8457 526.7004 205.1828 1.4785 1.6278 3.9084 -7.8771 1.3847 51.5416 -2.5756 0.3980
Car -1 -1 -0.7068 623.1955 180.6870 684.5039 205.6438 1.4930 1.5728 3.6646 2.8634 1.2232 44.7290 -0.6429 0.3703
Car -1 -1 -2.4243 464.0833 184.8817 521.1307 207.3223 1.4696 1.5926 3.6756 -7.8384 1.4488 48.7208 -2.5838 -0.0653
Car -1 -1 -2.2733 497.7177 184.1886 547.5698 204.7834 1.5271 1.6547 3.9300 -6.5834 1.4521 55.2438 -2.3919 -0.6034
