Car -1 -1 -2.0457 825.6628 189.7847 1240.0000 375.0000 1.4645 1.5974 3.8704 3.1624 1.5166 6.0670 -1.5652 14.7772
Car -1 -1 -1.8144 708.5318 188.9319 843.5340 277.1205 1.4612 1.6131 3.9465 3.0629 1.5454 14.0713 -1.6001 13.7645
Car -1 -1 3.5563 93.2181 191.6843 354.5218 287.8830 1.7264 1.7554 4.1534 -7.3697 1.8631 14.0512 3.0732 12.4345
Car -1 -1 3.6356 20.5502 202.8293 288.2074 310.4745 1.5451 1.6042 3.2570 -7.1447 1.8504 11.5097 3.0801 10.9222
Car -1 -1 -1.7045 672.2742 187.0923 745.5676 239.8417 1.4259 1.6137 4.2015 2.9014 1.4891 21.6792 -1.5714 10.7027
Car -1 -1 3.4487 226.1470 195.9371 414.7958 264.2649 1.5690 1.6822 4.0148 -7.0278 1.8500 17.7875 3.0725 9.6511
Car -1 -1 -2.6948 314.3428 195.2301 437.6558 243.5417 1.4760 1.5525 3.4903 -7.5345 1.8169 23.3796 -3.0065 8.7997
Car -1 -1 2.3390 0.0000 224.2304 101.0954 375.0000 1.4724 1.5313 3.3936 -6.1946 1.8920 5.9840 1.5363 8.3058
Car -1 -1 -1.4472 492.6036 185.7057 521.1356 208.5276 1.6844 1.7180 3.7245 -7.6999 1.7243 55.0066 -1.5863 5.1368
Car -1 -1 -1.6045 632.5194 183.9515 659.5531 208.1131 1.4781 1.5905 3.6858 2.3818 1.4019 45.8305 -1.5526 1.4103
Car -1 -1 -1.4166 468.2667 188.0314 503.8827 213.7043 1.4736 1.5809 3.6794 -7.3464 1.6525 43.5147 -1.5838 -0.3142
Car -1 -1 -2.3780 430.9758 187.4363 502.2943 217.2668 1.5872 1.6676 3.8236 -7.9438 1.7180 40.2340 -2.5729 -0.4314
