Car -1 -1 -1.8238 729.2693 186.0978 871.4630 283.6553 1.4970 1.5730 3.4954 3.2117 1.5160 12.8118 -1.5782 14.7935
Car -1 -1 -2.1539 884.7083 195.0752 1240.0000 375.0000 1.4518 1.6083 3.9447 3.1228 1.5402 4.3557 -1.5319 11.8123
Car -1 -1 -1.7140 676.8314 183.2165 749.0945 238.4859 1.4509 1.5431 3.5150 2.8875 1.3995 20.6273 -1.5750 11.5879
Car -1 -1 3.5897 49.4400 204.5237 304.5764 296.4515 1.4465 1.5667 3.5163 -7.4544 1.8119 12.6285 3.0564 10.0857
Car -1 -1 3.5927 129.8297 198.2871 353.1143 276.8362 1.5197 1.6172 3.8398 -7.5743 1.8093 15.0225 3.1257 8.0399
Car -1 -1 -1.6538 643.5267 183.7771 675.4365 209.4844 1.4851 1.6113 3.7026 3.0552 1.4031 43.3848 -1.5835 7.5521
Car -1 -1 1.8408 382.0481 190.2698 446.5977 231.9027 1.6153 1.6410 3.9244 -8.1117 1.8435 30.3334 1.5795 6.9368
Car -1 -1 -1.7154 670.2943 182.8195 731.9450 229.4884 1.4947 1.5894 3.6258 3.1102 1.4191 24.8479 -1.5909 6.6479
Car -1 -1 3.7135 0.0000 213.8379 263.4245 327.9439 1.4436 1.5896 3.6150 -7.2142 1.8923 10.3797 3.1061 6.0834
Car -1 -1 -1.6316 652.0137 181.8205 687.3320 211.9493 1.5069 1.6051 4.0519 3.1925 1.3382 37.9942 -1.5478 4.0267
Car -1 -1 1.2896 0.0000 221.5350 154.0999 375.0000 1.3585 1.6024 3.9726 -7.2192 1.8756 8.4473 0.5825 3.8000
Car -1 -1 -1.6704 660.2344 181.0568 708.8682 220.9352 1.5913 1.6566 4.0354 3.1761 1.4265 30.7021 -1.5673 1.6955
Car -1 -1 1.5549 491.2599 186.7493 522.5813 215.4411 1.5476 1.6898 4.4140 -5.8630 1.6418 41.3283 1.4140 -0.0668
Car -1 -1 1.6714 511.2662 188.6540 538.8490 210.0414 1.4713 1.6076 3.8285 -5.9641 1.7304 51.9935 1.5572 -0.3754
