Car -1 -1 -1.7627 704.0161 173.9124 816.6772 256.9862 1.4673 1.5514 3.3794 2.8733 1.2688 14.3870 -1.5656 12.6662
Car -1 -1 -2.0139 816.4231 185.8940 1194.1649 375.0000 1.5174 1.5357 3.5672 3.1709 1.5265 6.6766 -1.5705 12.3450
Car -1 -1 -1.7743 687.1804 173.6413 777.0173 236.3040 1.4701 1.5768 3.6111 3.0787 1.1997 18.6968 -1.6111 11.5532
Car -1 -1 3.4407 312.7098 184.2468 443.4961 230.4049 1.4291 1.5550 3.7017 -7.3336 1.4002 23.0467 3.1326 10.5999
Car -1 -1 -1.7915 667.8748 171.8477 741.5906 219.5388 1.4592 1.6036 3.8955 3.1019 1.0513 24.0036 -1.6630 9.3689
Car -1 -1 -1.6967 657.4631 172.9722 706.2609 208.8349 1.4472 1.6033 3.8660 3.0913 0.9543 30.9584 -1.5972 8.7080
Car -1 -1 -1.6392 647.5827 173.5365 683.3098 204.6053 1.5323 1.5899 3.6854 2.9171 0.9574 37.3003 -1.5611 6.6038
Car -1 -1 -1.4782 642.1970 170.9818 678.3664 204.1429 1.8174 1.7184 4.0500 3.0543 1.0385 41.5329 -1.4048 4.2180
Car -1 -1 0.8546 471.5869 177.0228 531.2705 201.0109 1.4602 1.6150 3.8472 -6.7984 0.9626 45.6171 0.7067 2.3849
Car -1 -1 1.6824 506.6645 176.8914 533.0377 197.0930 1.4581 1.5570 3.6948 -6.5556 0.8584 53.7382 1.5610 1.8410
