Car -1 -1 0.3501 285.2616 187.2462 427.8086 239.2585 1.4563 1.5452 3.6197 -7.3051 1.5190 20.9864 0.0152 13.7468
Car -1 -1 -1.8026 718.6852 179.6118 857.0825 278.4042 1.4627 1.5128 3.4085 2.8803 1.3808 12.3455 -1.5734 12.6776
Car -1 -1 -1.8069 695.3989 178.8179 800.7653 249.0250 1.4419 1.5464 3.6460 3.0681 1.3116 16.6216 -1.6244 12.0683
Car -1 -1 -2.1893 883.8520 189.9378 1240.0000 375.0000 1.5156 1.5846 3.5834 3.1764 1.5583 4.5287 -1.5776 11.7323
Car -1 -1 -1.8161 671.2327 175.2367 755.4682 228.8812 1.4859 1.6198 3.8948 3.0707 1.2106 21.9296 -1.6770 11.4232
Car -1 -1 3.4504 289.5340 173.7901 433.2698 231.5603 1.8043 1.7060 4.0913 -7.9525 1.4486 23.3403 3.1220 8.8354
Car -1 -1 1.1699 474.0577 178.8007 524.3058 205.6394 1.5433 1.6082 3.8774 -6.6252 1.1756 43.4048 1.0185 4.5582
Car -1 -1 1.6744 517.2387 178.1135 540.8421 196.4243 1.4706 1.5742 3.6822 -6.5070 0.9013 59.5762 1.5656 3.8559
Car -1 -1 0.6727 471.6313 179.2369 529.1862 201.2564 1.5173 1.6054 3.9037 -7.6775 1.1064 51.2006 0.5239 1.1556
Car -1 -1 1.5927 441.0835 180.4071 480.3636 216.0131 1.4633 1.5898 3.8372 -6.4472 1.2668 31.5693 1.3912 0.2807
Car -1 -1 -1.5875 670.5966 175.9609 714.2692 215.1479 1.4821 1.6454 3.8862 3.3610 1.1332 29.1982 -1.4729 -0.9316
