Car -1 -1 -2.0181 784.4868 188.7636 1168.4885 375.0000 1.5135 1.6408 3.9018 3.0454 1.5592 7.0379 -1.6097 13.0088
Car -1 -1 -1.7100 667.7322 182.0744 733.5352 231.7174 1.4164 1.5172 3.6337 2.7613 1.3279 22.3355 -1.5870 12.9935
Car -1 -1 -1.7819 700.4666 185.4410 826.9648 267.0049 1.4036 1.6025 4.0949 2.9048 1.4099 14.4356 -1.5833 12.6103
Car -1 -1 3.5407 155.8772 197.4124 365.6184 267.5150 1.4518 1.5966 3.9151 -7.6822 1.7409 16.0809 3.0950 12.0214
Car -1 -1 -1.6852 649.6215 180.3157 695.5612 217.2434 1.4937 1.5520 3.6122 2.6945 1.2966 30.8994 -1.5982 11.3294
Car -1 -1 3.9121 0.0000 189.9553 129.5208 375.0000 1.7579 1.7286 4.3877 -7.5308 1.8118 7.0347 3.0927 8.9389
Car -1 -1 3.6059 65.9274 198.0876 314.4547 285.3983 1.5002 1.6284 3.7139 -7.7551 1.7602 13.5349 3.0856 8.3770
Car -1 -1 3.6728 0.0000 200.7783 299.7148 317.4797 1.5363 1.7278 4.3623 -7.1961 1.7910 10.7177 3.0815 8.3345
Car -1 -1 3.4089 316.3492 193.4449 446.0630 234.9690 1.4078 1.6238 4.1259 -8.0311 1.7123 25.6068 3.1050 8.0757
Car -1 -1 -1.3835 471.6066 180.7286 510.0676 209.2965 1.8297 1.8039 4.1356 -7.7959 1.5434 48.1276 -1.5440 5.2219
Car -1 -1 3.4578 260.6527 194.4372 412.8267 244.6526 1.3659 1.5523 3.8121 -7.7664 1.6439 20.7207 3.0992 4.9612
