Car -1 -1 3.6682 33.8509 187.9291 302.4554 283.8658 1.5153 1.6245 3.5739 -7.3799 1.5658 12.2386 3.1256 15.1046
Car -1 -1 -1.8392 733.6706 174.3777 901.4590 284.5947 1.5067 1.6329 3.6653 3.1401 1.3597 11.6600 -1.5761 14.8823
Car -1 -1 -1.7720 677.6307 173.8159 766.5924 234.7380 1.4935 1.6193 3.8992 2.9574 1.2152 19.6082 -1.6223 11.9706
Car -1 -1 3.4827 196.2144 183.9459 384.7486 251.5785 1.5144 1.6542 3.7552 -7.4481 1.4871 17.0505 3.0709 11.4628
Car -1 -1 3.4213 240.6324 173.3494 418.4588 239.5293 1.7111 1.6807 4.2228 -7.5060 1.4054 19.6009 3.0556 11.0100
Car -1 -1 3.3779 316.9853 178.3067 454.5480 228.4708 1.5637 1.6435 3.9960 -7.1623 1.3495 23.3469 3.0802 10.3202
Car -1 -1 -1.7054 654.3505 172.6141 712.1922 213.6968 1.4343 1.6215 4.0766 2.7339 0.9955 27.1586 -1.6051 7.5778
Car -1 -1 -2.4924 404.5386 177.8626 488.5368 209.1658 1.4166 1.5586 3.6831 -7.6628 1.0850 34.0012 -2.7140 6.8038
Car -1 -1 -2.1378 381.5024 178.1508 484.6343 225.1579 1.5666 1.6695 4.1011 -6.4104 1.3323 25.9730 -2.3798 0.3265
Car -1 -1 -2.2848 371.3011 176.9611 467.3272 217.9707 1.5608 1.6307 3.8572 -7.6982 1.2478 29.1160 -2.5432 0.1566
Car -1 -1 -0.5247 651.3174 165.0272 726.5999 194.2583 1.8095 1.7979 4.5183 5.2026 0.5609 46.2243 -0.4127 0.0167
Car -1 -1 -1.3842 445.7062 174.6823 488.3289 203.4965 1.6278 1.7506 4.1127 -8.3199 1.0339 42.6688 -1.5767 -0.2148
Car -1 -1 -1.1534 571.5031 191.1691 623.2532 218.8846 1.4652 1.5814 3.6934 -0.5681 1.8215 40.8720 -1.1673 -0.4727
Car -1 -1 -2.8049 325.5148 157.4542 410.5194 183.9839 1.6414 1.7844 4.7834 -15.1453 -0.0784 45.4882 -3.1263 -1.0387
