Car -1 -1 -1.9800 737.8651 186.6525 1000.1130 343.1597 1.6078 1.6454 4.1444 3.0631 1.6323 9.5637 -1.6700 13.7372
Car -1 -1 -1.7863 693.7779 187.1090 797.5709 255.2930 1.3773 1.5147 3.9052 3.0009 1.4274 16.6058 -1.6075 13.6714
Car -1 -1 -1.6706 655.8072 178.1629 711.2141 225.1291 1.6602 1.6765 4.2237 2.7807 1.4120 27.5197 -1.5699 11.9769
Car -1 -1 3.5010 160.3150 191.1495 373.2392 259.6874 1.4102 1.5582 3.9569 -7.4440 1.5501 15.8809 3.0627 11.8782
Car -1 -1 -1.6827 670.1630 183.3808 731.3280 232.4855 1.4338 1.5184 3.5065 2.8260 1.3813 22.7475 -1.5591 11.7154
Car -1 -1 -2.7575 232.0818 190.7606 407.9786 248.2338 1.3960 1.5564 3.8810 -7.3170 1.5451 18.3979 -3.1360 9.0730
Car -1 -1 3.7126 0.0000 175.2046 255.4813 302.4611 1.7626 1.7448 3.6474 -7.6437 1.6251 10.8987 3.1009 9.0555
Car -1 -1 -2.2654 892.2600 194.1679 1240.0000 375.0000 1.5253 1.6359 3.7291 3.2001 1.6017 4.1473 -1.6082 7.2723
Car -1 -1 -1.6311 640.8801 181.6202 669.3622 206.5698 1.4513 1.5072 3.4937 2.8100 1.2433 43.5618 -1.5667 6.6822
Car -1 -1 -2.8473 310.1499 177.7392 443.6125 234.1646 1.7902 1.7151 3.8571 -7.5687 1.5541 23.6897 -3.1565 6.5438
Car -1 -1 3.2675 448.4325 182.4587 516.6828 204.9788 1.4284 1.6279 4.1793 -8.0796 1.2546 46.4998 3.0955 4.1015
Car -1 -1 1.0139 0.0000 196.8734 208.8522 341.7641 1.4748 1.6566 4.0637 -7.3020 1.6452 8.9906 0.3318 3.2966
Car -1 -1 -0.2494 620.8294 176.8174 662.9978 192.8989 1.5116 1.6261 3.7416 3.2480 0.7233 68.7395 -0.2022 3.2659
Car -1 -1 -1.5997 636.5669 180.2110 662.2243 203.0070 1.4827 1.6169 3.8710 2.7650 1.1583 48.7093 -1.5430 2.1233
Car -1 -1 -2.8797 366.2881 187.8158 475.0290 223.1737 1.4490 1.6398 4.1715 -7.8923 1.5631 30.4144 -3.1336 1.7364
