Car -1 -1 -1.8540 722.6037 190.6030 874.4896 288.9715 1.4225 1.5245 3.6595 3.0668 1.5309 12.4552 -1.6126 14.4990
Car -1 -1 -1.8243 684.7919 185.3224 793.0102 252.6353 1.4756 1.6383 4.0638 3.0648 1.4797 17.8544 -1.6543 13.8943
Car -1 -1 3.5112 232.4703 179.0442 399.7634 247.4098 1.7511 1.6688 3.8115 -7.7636 1.5942 19.2688 3.1282 12.9091
Car -1 -1 3.5640 205.8943 193.6543 385.8154 258.4006 1.4300 1.5101 3.5676 -7.2722 1.6383 16.8592 3.1567 12.8399
Car -1 -1 -1.8987 765.8830 194.7939 1008.6349 354.1832 1.4252 1.5214 3.3513 2.8943 1.5595 8.3075 -1.5634 12.6853
Car -1 -1 -1.7402 666.3294 185.2751 734.9719 231.0403 1.4533 1.6440 4.2905 3.0917 1.4567 25.0107 -1.6172 10.4927
Car -1 -1 -1.6541 654.4381 185.3096 697.5470 220.3545 1.4270 1.5377 3.7944 2.8677 1.4325 31.1821 -1.5624 9.3301
Car -1 -1 3.3905 322.5172 188.8025 450.8042 233.0661 1.4253 1.5667 3.8553 -7.3951 1.5514 24.1609 3.0935 9.3113
Car -1 -1 -1.4427 635.1971 185.2470 663.5806 206.0467 1.4438 1.5825 3.7375 3.0192 1.4473 51.8852 -1.3846 5.9179
Car -1 -1 -1.2402 438.8526 183.6082 498.2841 220.7924 1.6028 1.6056 3.5340 -6.3265 1.5346 32.8431 -1.4305 4.8394
Car -1 -1 0.1590 455.5583 190.2957 516.4824 213.3620 1.4259 1.5501 3.6095 -7.7087 1.7546 45.5714 -0.0086 4.3616
Car -1 -1 0.5997 665.8219 188.1333 724.2914 210.3131 1.4321 1.5588 3.6950 5.8661 1.6382 48.6902 0.7196 -0.2964
Car -1 -1 1.7042 491.7764 185.2176 525.4329 209.4703 1.5466 1.6939 4.0834 -6.5793 1.5478 47.8810 1.5677 -0.5356
Car -1 -1 1.5259 508.6172 185.1213 532.0204 204.8616 1.4775 1.6254 3.9241 -6.8417 1.4716 55.8712 1.4041 -0.8138
Car -1 -1 -0.1180 664.7406 187.7791 719.3969 209.0701 1.4738 1.5766 3.6694 5.9015 1.6587 50.7393 -0.0023 -1.2254
Car -1 -1 -0.1322 669.6330 184.0038 738.1352 212.0373 1.7254 1.7051 4.0675 5.9655 1.6520 45.0946 -0.0006 -1.2343
