Car -1 -1 -1.9054 727.1742 187.8813 877.0560 276.9650 1.4619 1.5953 3.7451 3.5074 1.5215 13.8428 -1.6572 15.7804
Car -1 -1 -1.7073 683.1401 181.5202 747.2736 230.3083 1.4737 1.5699 3.7010 3.3987 1.3632 23.5653 -1.5641 14.9209
Car -1 -1 3.6719 0.0000 205.4045 304.9332 316.7603 1.4791 1.6109 3.8050 -6.8141 1.8063 10.7332 3.1062 13.6134
Car -1 -1 -1.9276 793.9860 197.6981 1043.3270 348.2745 1.4162 1.5507 3.6645 3.4811 1.6041 8.9072 -1.5550 13.2404
Car -1 -1 0.2999 334.8159 188.2964 459.9942 235.2120 1.5273 1.6573 3.7521 -7.1036 1.6366 24.3699 0.0163 12.4443
Car -1 -1 3.8277 0.0000 218.5357 173.7882 375.0000 1.5460 1.6015 3.7603 -6.9883 1.9393 7.5421 3.0804 10.2171
Car -1 -1 -1.7040 661.3348 180.8595 710.6250 216.2438 1.4617 1.6176 4.1195 3.3529 1.2828 31.7723 -1.5988 8.4929
Car -1 -1 -2.8857 381.0633 187.7458 485.2629 225.0615 1.4746 1.6067 3.8551 -7.1117 1.5820 29.3545 -3.1234 4.5210
Car -1 -1 -1.4190 473.8512 183.3607 513.2675 212.4196 1.5517 1.6064 3.9606 -6.3872 1.4538 40.3669 -1.5759 0.8628
Car -1 -1 1.7778 435.1619 181.3343 475.9319 208.0702 1.5186 1.6225 3.8167 -9.0223 1.2993 42.7378 1.5698 -0.9409
