Car -1 -1 -1.8221 726.1798 187.4115 894.2783 302.1453 1.4533 1.5659 3.5267 2.8230 1.4932 10.9337 -1.5694 14.5672
Car -1 -1 -1.7312 689.6541 170.0313 799.6051 257.9992 1.6585 1.6787 3.9420 2.7587 1.3733 15.5326 -1.5554 13.4951
Car -1 -1 3.4121 333.2353 184.3450 457.6161 223.6592 1.4154 1.6341 4.1506 -7.8610 1.3852 26.7267 3.1261 12.2266
Car -1 -1 -2.6149 3.9817 169.8984 292.8814 291.3806 1.8542 1.7078 3.6689 -7.4626 1.6216 11.8842 -3.1756 11.2532
Car -1 -1 3.5263 218.0005 191.1111 404.5165 245.1391 1.3169 1.5595 4.1527 -7.5661 1.4761 18.4778 3.1377 10.8657
Car -1 -1 -1.6968 646.6670 177.3511 693.5051 212.4117 1.4592 1.5964 3.7253 2.6639 1.1330 31.8093 -1.6133 9.4253
Car -1 -1 -2.1025 842.5977 193.0045 1240.0000 375.0000 1.5264 1.5983 3.7074 3.0032 1.6026 5.0707 -1.5678 8.5900
Car -1 -1 3.3348 394.2580 179.2175 488.7186 209.4976 1.4222 1.6450 4.1998 -7.9897 1.1416 34.6511 3.1082 6.2726
Car -1 -1 2.2471 0.0000 196.7228 175.3736 375.0000 1.4791 1.6228 3.7768 -6.8026 1.6396 8.0428 1.5451 6.2398
Car -1 -1 -1.4490 625.4739 175.6754 650.6836 194.8148 1.4804 1.5932 3.5787 2.4391 0.7436 57.4926 -1.4066 6.1203
Car -1 -1 1.8652 520.3037 178.9917 546.8246 195.2183 1.5206 1.5636 3.6113 -7.1266 0.9385 69.2823 1.7627 3.5266
Car -1 -1 -1.6564 670.0231 176.8809 724.4451 221.5978 1.4655 1.5860 3.6341 3.0521 1.1935 25.3985 -1.5368 -1.0520
