Car -1 -1 -1.7773 692.9219 176.2559 786.9629 239.9460 1.4397 1.5830 3.6502 3.1650 1.2383 18.0963 -1.6042 14.4403
Car -1 -1 -1.8725 761.7934 179.4678 974.6732 318.3164 1.4893 1.5691 3.5645 3.1260 1.4288 9.5016 -1.5547 13.6472
Car -1 -1 3.5200 166.2655 196.5250 366.8366 266.3825 1.4032 1.5273 3.6238 -7.3277 1.6633 15.5904 3.0806 12.5198
Car -1 -1 3.6829 32.9207 201.3765 314.9162 285.9468 1.4119 1.6053 4.1838 -7.8132 1.7262 13.1183 3.1457 10.1519
Car -1 -1 3.8194 0.0000 214.2590 174.3335 357.9754 1.3712 1.5603 4.1724 -7.5533 1.7391 8.1512 3.0721 9.5736
Car -1 -1 3.4724 206.4052 189.0060 386.7297 253.0464 1.4993 1.6240 3.7979 -7.6725 1.5998 17.8893 3.0673 9.4565
Car -1 -1 -1.7052 662.7059 173.6365 719.2087 218.3701 1.5043 1.5602 3.4451 2.8928 1.1161 25.9107 -1.5940 8.3869
Car -1 -1 0.2194 416.0642 183.0697 493.2984 213.7850 1.4398 1.5434 3.3698 -7.3359 1.3404 34.4822 0.0098 6.9012
Car -1 -1 1.6744 517.8633 178.4492 543.9893 197.8835 1.4998 1.6590 4.1773 -6.1294 0.9787 57.5623 1.5683 0.5956
Car -1 -1 0.0392 637.6483 174.8562 696.2398 198.0324 1.5047 1.6214 3.8125 3.9273 0.8333 47.7037 0.1213 -0.1761
