Car -1 -1 -1.9325 749.7675 179.5249 1010.1939 329.6684 1.4955 1.6759 4.0271 3.0746 1.4399 9.2011 -1.6101 14.3132
Car -1 -1 -1.7602 688.2825 180.4723 794.8308 250.4403 1.4133 1.6101 4.2288 2.8962 1.3186 16.6443 -1.5880 12.0338
Car -1 -1 -1.7035 662.3686 175.4496 723.0870 222.7663 1.4871 1.5545 3.7200 2.7736 1.1813 24.4643 -1.5906 12.0005
Car -1 -1 3.4852 205.5113 191.2655 387.5680 252.0122 1.4380 1.5705 3.9072 -7.7680 1.5991 18.0979 3.0798 10.3502
Car -1 -1 -1.6921 643.8827 175.6483 689.2433 210.0689 1.4833 1.6007 3.8866 2.6015 1.0722 32.9501 -1.6133 10.0519
Car -1 -1 3.7634 0.0000 179.3461 232.3703 341.1840 1.8220 1.6866 4.1373 -7.2978 1.7571 9.0489 3.0847 9.3053
Car -1 -1 3.5828 62.8750 193.7799 345.7864 287.8293 1.5203 1.6909 4.0502 -7.0234 1.6850 12.7619 3.0797 9.2993
Car -1 -1 3.4001 289.0254 189.2123 427.7550 235.4317 1.3943 1.5583 3.8817 -7.8503 1.5271 22.7611 3.0680 8.5512
Car -1 -1 0.2931 340.0384 187.3337 456.8012 225.0644 1.4053 1.5688 4.0348 -8.0339 1.4903 27.6659 0.0105 8.2046
Car -1 -1 3.9337 0.0000 208.3574 78.9480 375.0000 1.5318 1.6145 4.1606 -7.5133 1.7710 6.4411 3.0717 5.7188
Car -1 -1 -1.4454 479.7320 177.2803 514.2147 205.1390 1.8674 1.8563 4.3886 -7.7350 1.3366 50.4001 -1.5977 5.5547
Car -1 -1 -1.3890 413.3959 183.6265 468.4930 221.6123 1.5391 1.6609 3.7836 -7.1677 1.4758 31.0493 -1.6159 -0.2949
