Car -1 -1 3.4809 281.9047 191.1183 425.1089 243.8382 1.4954 1.5682 3.7000 -7.5172 1.6783 21.3485 3.1424 15.5621
Car -1 -1 -1.9673 737.4545 187.0507 946.9415 312.5525 1.5792 1.6775 3.7300 3.2940 1.6135 11.0422 -1.6774 14.7048
Car -1 -1 -1.7093 682.0747 181.2719 756.5953 238.6253 1.5102 1.6191 3.5923 3.0809 1.4075 20.7288 -1.5618 13.1124
Car -1 -1 3.8485 0.0000 208.7675 187.3745 365.7524 1.4625 1.5900 3.7702 -6.9632 1.7462 7.7829 3.1186 13.0244
Car -1 -1 -2.0753 845.2928 205.4979 1240.0000 375.0000 1.4054 1.5909 3.9863 3.3126 1.6280 5.8426 -1.5596 11.6211
Car -1 -1 3.3820 343.0422 191.4596 457.2774 231.3198 1.3893 1.5454 3.7350 -7.5286 1.6250 26.1623 3.1018 9.3957
Car -1 -1 3.2273 367.3290 181.9825 469.4085 223.1722 1.5738 1.5808 3.8016 -7.4859 1.4514 28.5646 2.9710 8.5451
Car -1 -1 -1.7055 654.3016 181.4490 710.0236 222.9729 1.5545 1.6760 4.1541 2.8869 1.4146 29.0130 -1.6063 7.8168
Car -1 -1 3.3701 391.6829 186.0484 494.3955 220.9394 1.5391 1.6649 4.2739 -7.4435 1.5790 32.5878 3.1455 7.0212
Car -1 -1 -1.6075 646.2048 180.4571 680.7981 212.1305 1.5263 1.6061 3.7674 2.7574 1.2982 36.5513 -1.5322 3.6627
Car -1 -1 -2.5590 457.6735 185.0572 518.6151 207.3536 1.4442 1.5962 3.7600 -8.0191 1.4350 48.0484 -2.7244 2.7183
Car -1 -1 -2.7509 433.6426 184.9777 505.7545 210.1500 1.4608 1.6079 3.9085 -8.2444 1.4481 42.8910 -2.9408 1.5252
Car -1 -1 -1.6302 631.7995 179.7172 661.0676 205.3166 1.5001 1.5671 3.5995 2.3015 1.1790 43.9248 -1.5779 1.5246
Car -1 -1 -0.4023 507.4162 182.0681 549.0735 197.7610 1.4734 1.5874 3.6490 -7.6407 1.1790 69.0759 -0.5125 0.3517
Car -1 -1 -1.4340 496.3597 183.7184 526.3297 205.2246 1.4697 1.6053 3.8145 -6.8251 1.3685 51.0324 -1.5669 0.2042
