Car -1 -1 -1.7927 706.9361 184.4097 848.1819 275.5230 1.4439 1.6416 4.1068 2.9268 1.4322 13.4473 -1.5784 13.8610
Car -1 -1 -2.0840 809.0115 186.9110 1240.0000 375.0000 1.5104 1.6141 3.8972 3.0684 1.5305 6.0510 -1.6147 12.1529
Car -1 -1 -1.6503 654.3995 179.8352 698.3545 217.1863 1.4578 1.5359 3.3749 2.7517 1.2489 29.7496 -1.5580 11.1613
Car -1 -1 3.5882 128.2506 198.2205 348.6321 273.1981 1.4578 1.5968 3.8068 -7.6830 1.7476 15.1089 3.1177 10.6404
Car -1 -1 -1.7367 669.1726 180.1894 743.9456 233.0608 1.4346 1.5664 3.8884 2.8091 1.2993 21.4723 -1.6066 10.6193
Car -1 -1 -2.8053 304.5522 194.5455 440.4504 237.0852 1.3862 1.6178 4.1275 -8.0359 1.7184 24.6478 -3.1204 6.7514
Car -1 -1 -2.5179 0.0000 200.6647 261.0622 332.0373 1.5763 1.7293 4.3120 -7.3298 1.8066 9.7458 -3.1627 6.2872
Car -1 -1 3.3281 243.1221 195.4060 402.7831 251.4177 1.4028 1.5489 3.8094 -7.6563 1.6965 19.5211 2.9543 6.2212
Car -1 -1 0.0250 462.2194 180.0686 523.1737 205.4357 1.6661 1.6554 3.9770 -7.7212 1.3292 48.2960 -0.1335 3.5231
Car -1 -1 1.5715 490.2319 185.8166 513.7018 207.3891 1.4714 1.5913 3.7514 -7.5410 1.5170 51.1104 1.4250 1.4675
Car -1 -1 -1.4770 400.2908 187.9215 453.4435 231.5440 1.5721 1.6815 3.5872 -7.0241 1.6859 28.0385 -1.7225 1.1863
