Car -1 -1 -1.8118 722.7952 183.7157 849.3410 272.5639 1.4933 1.5690 3.2803 3.2133 1.4693 13.7274 -1.5819 14.8505
Car -1 -1 -2.0781 848.1102 190.9180 1240.0000 375.0000 1.4806 1.5739 3.7071 3.1430 1.5397 5.4335 -1.5536 12.6589
Car -1 -1 3.6255 94.1444 201.5503 327.3979 288.2146 1.5148 1.6281 3.5507 -7.4916 1.8469 13.7203 3.1257 10.3349
Car -1 -1 -1.7214 674.3895 181.9697 742.6709 234.2163 1.4502 1.5232 3.4194 2.9151 1.3613 21.6719 -1.5876 9.7030
Car -1 -1 3.8354 0.0000 223.0958 203.6443 352.3495 1.3771 1.5797 3.8650 -7.4424 1.8899 8.9135 3.1397 9.6240
Car -1 -1 -1.6571 640.4650 182.6591 672.0663 207.3821 1.4663 1.6231 3.8155 2.9403 1.3158 44.5554 -1.5912 7.6502
Car -1 -1 -1.6924 666.7165 181.7273 721.5712 224.7224 1.4679 1.5543 3.6016 3.0585 1.3499 26.3442 -1.5769 4.0937
Car -1 -1 3.7165 0.0000 207.8927 288.8455 310.0937 1.4622 1.6346 3.8355 -7.4175 1.8509 11.4625 3.1422 3.5915
Car -1 -1 0.2021 386.4196 192.4607 480.9381 229.7848 1.5159 1.6557 3.6313 -7.3469 1.8327 30.4283 -0.0348 2.5044
Car -1 -1 -1.7892 635.2345 179.9844 672.8072 205.5250 1.6441 1.6802 4.0443 3.0443 1.3085 48.3978 -1.7264 0.5095
Car -1 -1 1.7172 484.2609 185.1230 522.1379 213.2180 1.5320 1.5924 3.9198 -5.9627 1.5280 41.1560 1.5733 -0.1576
Car -1 -1 1.5145 514.9513 187.3609 539.7793 207.6639 1.4297 1.5852 4.2767 -6.0168 1.5967 53.3314 1.4021 -0.8255
