Car -1 -1 -1.8775 736.3149 183.6911 863.0119 262.5974 1.5166 1.5801 3.7501 3.9920 1.4884 15.7308 -1.6290 15.0770
Car -1 -1 -1.8618 788.8434 193.7092 972.4638 308.2384 1.3765 1.5288 3.5826 3.7913 1.5261 10.7332 -1.5222 13.7153
Car -1 -1 -2.7077 109.5515 199.1670 372.7308 289.8975 1.4880 1.6142 3.9001 -6.4819 1.7567 12.9195 -3.1727 13.6631
Car -1 -1 3.3994 382.3524 186.3927 489.7383 230.1982 1.5620 1.6041 3.5633 -6.3180 1.6080 26.5194 3.1656 13.5983
Car -1 -1 3.7352 0.0000 207.8419 283.7100 328.3070 1.4519 1.5898 3.7671 -6.7011 1.7863 9.7731 3.1342 11.8972
Car -1 -1 -1.6955 700.7765 178.9910 759.6305 225.7195 1.5339 1.6056 3.5315 4.2119 1.3307 25.3897 -1.5311 10.5544
Car -1 -1 -1.7050 680.0736 180.2789 727.5316 214.3493 1.4950 1.6405 4.1922 4.3925 1.2795 33.6397 -1.5751 7.9164
Car -1 -1 -2.4735 497.2520 183.6536 553.6574 206.2356 1.4639 1.5588 3.5548 -5.5509 1.3637 48.1932 -2.5881 4.2368
Car -1 -1 -0.2976 669.5580 180.5128 746.0468 208.7492 1.5288 1.6131 3.9167 5.5171 1.2753 40.0275 -0.1606 2.7089
Car -1 -1 0.0683 513.6821 181.6806 562.1707 200.8974 1.5075 1.6175 3.7430 -5.5475 1.2313 57.2483 -0.0283 2.4995
Car -1 -1 -1.7986 496.6783 182.4705 543.0325 212.3965 1.5239 1.6427 3.8393 -4.8096 1.3852 38.6862 -1.9223 2.4946
Car -1 -1 3.9449 0.0000 207.8380 233.0742 375.0000 1.4154 1.5965 3.7408 -6.1174 1.6777 7.3036 3.2477 -1.2037
Car -1 -1 -0.3576 534.8289 178.8211 583.1012 197.0635 1.4868 1.5921 3.7018 -4.0891 0.9667 60.0719 -0.4256 -1.3327
