Car -1 -1 -2.7411 186.9432 198.5468 381.9453 268.5927 1.5045 1.6131 3.7788 -7.4001 1.8292 16.5992 -3.1604 15.5299
Car -1 -1 -1.7766 704.6474 185.2096 808.1461 262.0231 1.5165 1.5523 3.3644 3.1164 1.5175 15.8800 -1.5828 13.8138
Car -1 -1 -2.1494 824.8000 193.5071 1240.0000 375.0000 1.5300 1.6531 3.8458 3.3326 1.6247 6.1224 -1.6509 11.9312
Car -1 -1 3.3792 309.5561 184.8339 450.8498 239.6710 1.7546 1.7309 4.2092 -7.5414 1.7436 24.0017 3.0748 11.0446
Car -1 -1 3.3910 363.7257 189.8742 478.5171 232.1650 1.5773 1.5989 4.0269 -7.1904 1.7638 27.7925 3.1378 9.3941
Car -1 -1 -1.7571 663.2942 185.3017 736.2585 234.5696 1.4978 1.6567 4.1009 2.9249 1.5020 23.9568 -1.6356 9.0569
Car -1 -1 3.4258 285.2811 195.0886 427.4107 245.8542 1.4307 1.5687 3.7183 -7.4680 1.7389 21.4743 3.0911 8.8305
Car -1 -1 -1.6711 648.3626 184.6671 694.0447 220.9818 1.5135 1.6249 3.8912 2.7208 1.4918 31.9146 -1.5861 5.0125
Car -1 -1 3.3115 449.9409 187.9961 511.0575 212.3416 1.4987 1.6034 3.5695 -8.0004 1.6780 45.2456 3.1365 3.6428
Car -1 -1 -0.0714 632.0863 183.0721 694.8058 207.7609 1.5838 1.6567 3.9733 3.5778 1.4474 46.9495 0.0047 0.1679
Car -1 -1 -1.2764 510.7159 186.7218 541.1168 204.2021 1.5235 1.6607 3.9563 -7.3833 1.6654 65.1043 -1.3893 -0.7650
Car -1 -1 -1.7009 680.7811 183.7580 714.1312 209.8167 1.6020 1.6285 3.8571 5.6875 1.5135 46.1237 -1.5782 -1.0707
