Car -1 -1 -1.7081 653.5093 181.2597 707.1542 222.0061 1.4513 1.5452 3.5839 2.6648 1.3115 27.4214 -1.6112 16.2629
Car -1 -1 -1.7953 718.9383 175.2921 887.2284 299.2550 1.6058 1.6341 3.9258 2.7849 1.4784 11.2851 -1.5534 14.5667
Car -1 -1 3.6139 94.0329 200.1584 351.3596 277.9693 1.4142 1.6500 4.2095 -7.5273 1.7292 14.2431 3.1277 13.2260
Car -1 -1 -1.9672 791.4973 195.6630 1141.5523 375.0000 1.4513 1.5168 3.3953 2.8033 1.5724 6.5540 -1.5630 12.3111
Car -1 -1 3.4795 270.0960 193.2361 435.5589 239.3644 1.3698 1.6440 4.5873 -7.9115 1.6307 22.4532 3.1407 10.6175
Car -1 -1 0.2418 385.7841 186.3050 476.6586 219.3864 1.3594 1.5198 3.4641 -7.4421 1.4077 30.3486 0.0013 8.0429
Car -1 -1 3.8999 0.0000 180.7926 143.7460 373.0509 1.8042 1.7029 4.2188 -7.6676 1.7638 7.6525 3.1135 7.8541
Car -1 -1 -1.4485 627.4611 176.4636 655.9282 197.9700 1.5381 1.6401 4.0268 2.5460 0.9133 53.5306 -1.4009 3.4507
Car -1 -1 -1.8307 672.9729 184.6989 709.7132 207.9190 1.5072 1.6011 3.5400 5.5791 1.4748 48.5247 -1.7163 -0.2749
Car -1 -1 1.6682 515.8568 183.5572 537.3301 199.8796 1.4763 1.6208 3.8698 -7.5391 1.3274 66.9615 1.5561 -1.2365
