Car -1 -1 -1.8490 716.9597 190.0523 882.8073 292.0289 1.4435 1.6291 4.1355 3.0485 1.5427 12.4685 -1.6092 15.1541
Car -1 -1 -1.7130 681.7364 188.0329 762.0412 250.7439 1.4442 1.5295 3.5029 2.7889 1.5246 18.4666 -1.5631 13.4782
Car -1 -1 3.6387 0.0000 199.3286 298.7338 296.8889 1.4116 1.5929 4.0453 -7.4052 1.6590 11.6060 3.0708 12.2392
Car -1 -1 -1.6840 664.0992 183.7147 731.2763 236.5435 1.5632 1.6727 4.2559 2.7865 1.5199 23.3989 -1.5655 9.9072
Car -1 -1 -2.2496 824.2566 193.5847 1240.0000 375.0000 1.4717 1.6587 4.3536 3.1399 1.5570 4.9689 -1.6860 9.8720
Car -1 -1 3.5845 95.3613 198.8558 350.0534 277.0955 1.3998 1.5928 4.1060 -7.4201 1.6844 14.0499 3.0986 8.3527
Car -1 -1 3.5379 168.6313 190.9210 359.5733 259.7418 1.4822 1.5444 3.6360 -7.8115 1.6209 16.4756 3.0952 8.1487
Car -1 -1 -2.9706 436.9695 185.7201 511.1600 213.8683 1.6202 1.6393 4.0686 -7.8412 1.6516 42.2486 -3.1541 8.0263
Car -1 -1 -1.6096 643.7900 185.8693 674.4985 212.4794 1.3824 1.5234 3.6901 2.7406 1.4209 39.2997 -1.5400 7.0414
Car -1 -1 3.5207 239.8292 179.8107 412.0397 248.8359 1.7831 1.7002 3.9898 -7.5642 1.6446 19.4316 3.1494 5.8081
Car -1 -1 -1.6303 635.7931 183.2757 665.9851 210.1540 1.5641 1.5985 3.8740 2.5599 1.4523 43.7645 -1.5719 2.7750
Car -1 -1 -0.0840 620.2749 178.9317 662.8889 195.5612 1.4703 1.6119 3.6914 3.0006 0.9158 64.4288 -0.0374 1.3472
