Car -1 -1 -1.9799 807.5229 186.1104 1161.7682 375.0000 1.5251 1.6108 3.6151 3.1819 1.5372 7.0246 -1.5545 13.8111
Car -1 -1 -1.8344 701.2470 189.6326 829.0653 271.1928 1.4442 1.5862 3.8906 3.0538 1.5494 14.9317 -1.6327 12.8886
Car -1 -1 3.5292 128.9214 191.6154 368.4068 282.4745 1.7548 1.7611 4.1265 -7.3953 1.8990 15.0448 3.0724 12.8856
Car -1 -1 -1.6984 670.0641 188.2261 739.5279 239.0510 1.4300 1.6197 4.1158 2.8993 1.5341 22.5240 -1.5704 11.0220
Car -1 -1 3.5766 67.3393 204.0941 311.1041 302.1935 1.5212 1.5636 3.2886 -7.1264 1.8727 12.4179 3.0556 10.1906
Car -1 -1 3.4635 247.3893 197.9216 424.0513 261.9052 1.5602 1.6126 4.0078 -7.0358 1.9084 18.7544 3.1046 9.7189
Car -1 -1 -1.4706 502.6713 184.5167 526.6145 203.1332 1.4666 1.5744 3.6748 -7.5594 1.4127 58.4868 -1.5992 8.0427
Car -1 -1 -1.2622 320.8459 195.3034 429.7523 254.2090 1.4826 1.6955 4.7056 -6.7378 1.8150 21.2493 -1.5693 4.3654
Car -1 -1 -0.8982 0.0000 214.4804 178.4830 375.0000 1.4811 1.5796 3.4601 -6.2908 1.8571 7.4513 -1.5994 3.2421
Car -1 -1 -0.6862 621.4721 184.2640 685.1957 207.6741 1.4537 1.6260 3.9822 2.9445 1.3957 46.4574 -0.6229 2.0811
Car -1 -1 -2.3911 440.6856 189.7313 508.9835 218.4288 1.5576 1.6103 3.7637 -7.6686 1.8284 41.2348 -2.5750 -1.0701
