Car -1 -1 -1.8153 729.8719 183.3629 883.7931 293.6819 1.4808 1.5251 3.2944 2.9019 1.4571 11.2981 -1.5638 14.4480
Car -1 -1 0.3296 265.4974 192.0180 422.7316 246.1181 1.4255 1.5896 3.7942 -7.2823 1.6237 19.9800 -0.0199 14.1875
Car -1 -1 -1.8036 674.6260 179.7287 766.2978 238.3499 1.5303 1.6824 4.1911 3.1087 1.3882 20.9218 -1.6560 11.2327
Car -1 -1 -2.3173 942.7713 188.2261 1240.0000 375.0000 1.5773 1.5941 3.7493 3.2194 1.6007 3.4520 -1.5668 10.4615
Car -1 -1 -1.8242 700.0462 183.2811 817.4941 257.8596 1.4331 1.5873 3.7363 3.1072 1.3970 15.7208 -1.6291 10.1167
Car -1 -1 -1.7334 660.5851 179.9789 720.8247 221.0719 1.4824 1.6627 4.1709 3.1143 1.2946 28.0548 -1.6228 9.2101
Car -1 -1 3.4574 282.6792 177.2912 427.0158 236.9992 1.7818 1.6655 3.9050 -7.8093 1.5465 22.3214 3.1209 8.6493
Car -1 -1 3.3809 359.8431 185.3070 467.0385 224.6173 1.4481 1.5928 3.6610 -7.3620 1.4528 27.3207 3.1176 7.5841
Car -1 -1 -1.6256 652.7647 180.4672 689.1094 212.7076 1.4503 1.5194 3.4616 2.9187 1.2378 34.0868 -1.5402 6.9977
Car -1 -1 -1.5768 491.5140 186.5103 519.6757 211.9356 1.4366 1.5880 3.8307 -6.1261 1.5185 42.8288 -1.7188 3.1296
Car -1 -1 3.3395 394.4384 187.2739 485.5982 222.1633 1.3975 1.5079 3.4388 -6.9147 1.4860 29.6919 3.1107 2.5571
Car -1 -1 1.5483 494.7007 181.4083 520.1858 204.2279 1.5440 1.6863 3.8991 -7.1266 1.2875 50.6948 1.4087 1.3447
Car -1 -1 -0.6655 626.3589 178.5894 677.6629 199.6070 1.5476 1.6118 3.6838 3.3604 1.0608 54.6373 -0.6041 -0.8488
