Car -1 -1 -1.9128 740.3078 176.6818 969.1568 310.6226 1.4977 1.6702 4.0507 3.1012 1.4034 10.0945 -1.6148 14.1921
Car -1 -1 -1.7673 682.3776 177.8191 782.0972 242.8542 1.4049 1.5835 4.1816 2.8667 1.2462 17.6426 -1.6062 13.3882
Car -1 -1 3.4764 229.1881 188.0860 400.5443 246.4428 1.4758 1.6076 3.9215 -7.7473 1.5571 19.1637 3.0922 11.3248
Car -1 -1 3.7125 0.0000 181.9872 263.0270 307.8797 1.5918 1.6791 4.1219 -7.3393 1.5521 10.0473 3.0816 10.8102
Car -1 -1 -1.6940 660.4285 172.1832 719.2298 217.6005 1.4926 1.6016 3.7990 2.7983 1.0655 25.5321 -1.5848 9.5182
Car -1 -1 3.8480 0.0000 204.6889 142.9036 374.7466 1.5108 1.6030 3.7763 -7.3490 1.7409 7.5218 3.0742 8.8431
Car -1 -1 -1.6712 644.2862 172.7167 685.5467 206.1695 1.4956 1.5797 3.5889 2.6153 0.9379 33.9467 -1.5943 7.6849
Car -1 -1 3.5626 106.3271 190.4039 368.3030 275.9146 1.5159 1.6941 4.1438 -6.9903 1.6235 13.8001 3.0937 7.6522
Car -1 -1 -2.9498 300.8366 184.6983 436.6241 229.2451 1.4144 1.5935 4.0493 -7.8799 1.3991 23.8679 -3.2687 5.7394
Car -1 -1 -1.5045 427.3898 179.0793 470.6157 216.3198 1.5630 1.6405 3.8177 -7.0813 1.3066 32.1779 -1.7211 1.5055
Car -1 -1 -1.5620 483.5781 174.5255 509.5632 200.2824 1.7529 1.7524 3.8591 -7.8836 1.0265 50.9530 -1.7155 1.4884
Car -1 -1 -1.6245 633.6074 175.7494 665.5093 204.6581 1.5946 1.6325 3.7326 2.3456 1.0736 41.5165 -1.5681 0.8949
