Car -1 -1 -1.8067 706.9724 185.5400 841.0703 277.5940 1.4462 1.5460 3.5351 2.8152 1.4540 13.0878 -1.5949 14.7355
Car -1 -1 -1.7228 679.4061 175.1798 775.0312 248.5846 1.6060 1.6908 4.1006 2.7723 1.3876 17.7766 -1.5681 13.1194
Car -1 -1 -1.9951 779.9932 194.6588 1138.5138 375.0000 1.4548 1.6137 3.9431 3.0291 1.5780 7.2944 -1.6015 12.8222
Car -1 -1 3.6051 92.3459 174.6686 336.5409 275.4764 1.8430 1.6521 3.8510 -7.5739 1.6513 14.0248 3.1100 10.4790
Car -1 -1 -1.6597 645.0910 178.8909 686.1906 213.3215 1.5382 1.6040 3.6705 2.6490 1.2568 33.9557 -1.5819 10.4555
Car -1 -1 3.6211 0.0000 194.2267 250.1678 300.2884 1.4509 1.5626 3.5605 -7.6919 1.6027 11.0074 3.0111 9.7193
Car -1 -1 3.4872 266.4471 189.5246 425.6969 239.2324 1.3655 1.5634 4.0110 -7.4806 1.4952 20.6645 3.1399 9.7047
Car -1 -1 3.8065 0.0000 201.7878 203.3946 337.2038 1.4236 1.6003 4.0765 -7.4270 1.6449 8.6599 3.0976 9.3751
Car -1 -1 3.3981 343.6158 184.5604 467.3495 220.4688 1.3995 1.6699 4.5113 -8.0910 1.3751 28.8848 3.1250 8.7021
Car -1 -1 -1.5839 625.4302 173.7215 645.1325 192.0858 1.4781 1.5824 3.5666 2.2466 0.5541 59.6571 -1.5462 5.6284
Car -1 -1 1.6840 527.0414 178.9012 547.6067 195.1450 1.5865 1.6286 3.8785 -7.0462 0.9709 72.1585 1.5867 -0.3101
Car -1 -1 -1.8441 655.9821 175.3274 730.2214 223.1742 1.6886 1.7624 4.1017 3.1334 1.3408 27.5310 -1.7308 -1.1197
