Car -1 -1 -1.8255 717.4056 189.7261 847.1908 277.0080 1.3947 1.4878 3.4482 3.0540 1.4910 13.4099 -1.6016 14.5358
Car -1 -1 -1.8339 680.2173 183.8187 781.5774 246.9459 1.4756 1.5911 4.0565 3.0563 1.4440 18.8982 -1.6736 13.5147
Car -1 -1 -1.8625 751.8700 187.0796 959.3184 330.7853 1.5034 1.5427 3.3565 2.8935 1.5329 9.2477 -1.5592 12.8895
Car -1 -1 0.3772 224.4739 193.9440 400.8188 254.5251 1.4212 1.5836 3.7449 -7.2983 1.6496 17.9043 -0.0098 11.9248
Car -1 -1 3.4850 246.1282 177.5580 410.2276 247.5123 1.8859 1.7041 3.9738 -7.8289 1.6806 20.2774 3.1166 11.5498
Car -1 -1 -1.7295 664.8348 183.7121 727.4076 226.2755 1.4186 1.6014 4.0922 3.0734 1.3696 26.0321 -1.6120 11.1750
Car -1 -1 -1.6515 653.4505 183.8587 696.0365 219.2446 1.4932 1.5940 3.6832 2.9095 1.4371 32.1791 -1.5613 7.9466
Car -1 -1 3.2684 335.9614 188.4205 454.0026 230.8769 1.4133 1.5837 3.7940 -7.4031 1.5315 25.1720 2.9823 6.9900
Car -1 -1 1.7154 476.5390 185.6186 515.1600 213.1590 1.4771 1.6233 3.7841 -6.2834 1.5020 40.5058 1.5615 4.6967
Car -1 -1 -1.6448 646.4960 184.5692 682.9576 214.8367 1.4593 1.5696 3.6395 2.8137 1.4293 36.4780 -1.5678 4.0935
Car -1 -1 -0.0729 636.3913 185.5188 689.7819 206.4600 1.4876 1.5912 3.7342 3.9450 1.5110 51.8862 0.0030 3.1938
Car -1 -1 -1.3823 446.9108 183.3815 494.7598 220.7195 1.6713 1.5733 3.6132 -6.4462 1.5903 33.9805 -1.5698 1.8896
Car -1 -1 0.5413 461.9905 187.4267 524.9483 209.7536 1.4289 1.6048 3.8550 -7.6146 1.5814 47.7562 0.3832 -0.7160
Car -1 -1 0.0051 675.3217 182.3919 734.0442 206.4085 1.5033 1.5770 3.6629 6.1752 1.3277 46.0265 0.1385 -0.8538
