Car -1 -1 3.5035 237.2772 187.4116 404.4918 249.2660 1.5598 1.6654 3.7712 -7.5473 1.6218 19.0470 3.1262 15.0704
Car -1 -1 -1.7508 687.6887 178.1555 777.5197 243.8076 1.5210 1.6334 3.5450 3.0472 1.3586 18.4362 -1.5870 14.2197
Car -1 -1 -2.0335 769.3578 183.7737 1058.9978 349.6977 1.5644 1.6554 3.6644 3.2974 1.5519 8.6792 -1.6704 14.1129
Car -1 -1 -1.7474 654.5023 178.2375 719.4991 221.9814 1.4853 1.6492 4.2276 2.7979 1.2495 26.5726 -1.6425 10.4771
Car -1 -1 -2.3093 943.7435 212.6056 1240.0000 375.0000 1.3955 1.5923 4.0995 3.3232 1.6099 3.5316 -1.5543 10.1722
Car -1 -1 3.4247 309.4141 186.8986 441.4277 232.0761 1.4434 1.5857 3.8847 -7.6805 1.5024 23.8731 3.1134 9.1857
Car -1 -1 3.2166 377.6620 181.6626 481.7599 219.3495 1.5158 1.6385 4.1142 -7.3989 1.3740 30.0579 2.9753 8.6020
Car -1 -1 -1.6526 643.7478 177.3582 684.2753 209.9899 1.4524 1.5917 3.7334 2.5644 1.1038 33.8630 -1.5770 6.9069
Car -1 -1 3.3752 339.3542 176.5698 461.7057 222.8092 1.6347 1.6415 4.0356 -7.5508 1.3302 26.3223 3.0959 6.1523
Car -1 -1 3.3341 445.6318 182.1354 511.1697 207.4895 1.5670 1.6236 3.8229 -8.1346 1.3778 45.2644 3.1563 4.3499
Car -1 -1 3.3224 424.8262 180.9035 496.1404 207.2914 1.4476 1.5628 3.6924 -8.2348 1.2122 40.2513 3.1206 3.1258
Car -1 -1 -1.6086 510.0150 178.4806 528.5525 194.7077 1.4776 1.5865 3.5449 -8.3151 0.8654 67.3298 -1.7315 0.5610
Car -1 -1 -0.8430 651.0645 171.4000 703.5065 195.1156 1.6333 1.6236 3.7885 4.9761 0.6829 51.3864 -0.7464 0.5102
Car -1 -1 -2.8079 464.2495 177.9550 520.0916 198.8582 1.4947 1.5915 3.7115 -8.4439 0.9767 52.5055 -2.9674 -0.2907
Car -1 -1 -2.7514 605.7332 179.7204 679.1669 206.3878 1.4520 1.5952 3.8313 1.9304 1.1539 40.6710 -2.7039 -0.5949
Car -1 -1 -2.4107 459.0513 180.1342 517.1683 202.7229 1.4621 1.5807 3.7434 -8.0581 1.1343 48.1960 -2.5764 -1.2025
