Car -1 -1 -1.8790 769.4604 189.8402 1044.6635 357.5550 1.4411 1.6446 4.0415 3.0271 1.5091 8.3381 -1.5308 13.4714
Car -1 -1 -1.7679 698.2281 184.6447 801.3220 256.3344 1.4155 1.5180 3.7489 2.9953 1.4053 16.0739 -1.5837 12.9424
Car -1 -1 3.7083 0.0000 214.0379 231.1816 341.4618 1.4898 1.5958 3.8583 -7.5467 1.9230 9.8051 3.0523 12.6266
Car -1 -1 0.4207 231.3082 203.4988 408.5073 256.5789 1.3279 1.5452 4.1823 -7.7420 1.8451 19.4300 0.0415 11.5768
Car -1 -1 -1.6851 669.9934 182.3536 726.1863 228.8000 1.4688 1.5122 3.2621 2.9574 1.3794 24.3644 -1.5643 11.2634
Car -1 -1 3.5334 96.5286 207.3739 345.5594 283.3380 1.3613 1.5707 4.1168 -7.6420 1.8374 14.4263 3.0463 9.8281
Car -1 -1 -2.8336 292.0610 199.2126 427.5584 248.3968 1.4116 1.5466 3.6053 -7.5227 1.8551 21.9047 -3.1644 9.3965
Car -1 -1 2.3124 0.0000 219.5948 112.2705 375.0000 1.5021 1.5665 3.4307 -6.4591 1.8982 6.5082 1.5308 6.3020
Car -1 -1 -1.4118 461.2232 186.8392 502.6762 219.2546 1.7827 1.7945 3.7412 -7.2545 1.8821 41.6021 -1.5845 6.1538
Car -1 -1 3.4085 340.3212 193.3741 452.1113 236.4068 1.5151 1.6209 3.6519 -7.7639 1.8262 26.4693 3.1232 5.0006
