Car -1 -1 3.5323 207.9788 193.9391 388.6135 259.4612 1.4940 1.6135 3.6905 -7.4509 1.7169 17.4393 3.1285 14.5526
Car -1 -1 -1.7673 697.4963 181.7735 797.9731 252.8342 1.4830 1.5932 3.6494 3.1054 1.4123 16.8346 -1.5849 13.7679
Car -1 -1 3.3563 321.9211 182.2530 455.2421 233.1032 1.6818 1.6996 4.1298 -7.5040 1.5850 24.7827 3.0623 11.1428
Car -1 -1 3.2341 371.4472 184.2770 477.4031 226.3160 1.6036 1.6002 3.9418 -7.2295 1.5689 28.5129 2.9858 10.4988
Car -1 -1 -2.1042 797.1875 189.7731 1205.2213 375.0000 1.5363 1.6065 3.9235 3.3064 1.5954 7.1081 -1.6688 10.3641
Car -1 -1 -1.7494 660.3985 182.9487 728.0464 227.9152 1.4274 1.5953 4.1480 2.8646 1.3566 24.9368 -1.6350 9.6415
Car -1 -1 3.4549 287.6823 193.6412 432.8879 243.1165 1.4545 1.6127 3.9469 -7.6200 1.7263 22.2536 3.1250 8.6633
Car -1 -1 -1.6354 649.8323 180.5348 691.5612 214.9292 1.4576 1.6023 4.1716 2.7560 1.2604 32.5627 -1.5510 7.4990
Car -1 -1 0.8732 446.7596 183.0049 514.0159 211.4412 1.6646 1.7779 4.1993 -7.8721 1.5364 44.1067 0.6966 -0.1445
Car -1 -1 -1.8493 667.8754 179.7500 707.4995 204.2879 1.6268 1.6717 4.0475 5.4647 1.2656 49.7899 -1.7400 -0.8423
Car -1 -1 -2.9145 416.4562 184.5537 487.3358 210.8034 1.5271 1.6148 3.8464 -9.2359 1.4897 42.6493 -3.1278 -1.1431
