Car -1 -1 -1.8664 734.8039 191.5989 899.2010 298.5095 1.4106 1.5228 3.4105 3.0811 1.5285 11.4164 -1.6028 16.1544
Car -1 -1 -1.8434 688.7985 186.5833 807.5370 257.4173 1.4356 1.6188 4.1500 3.0687 1.4728 16.7887 -1.6626 14.8797
Car -1 -1 -1.9275 787.9046 196.1479 1079.0239 375.0000 1.4230 1.4948 3.2885 2.8831 1.5593 7.2216 -1.5476 12.6271
Car -1 -1 -2.7480 210.3760 177.2687 387.7203 250.4778 1.7695 1.6741 3.7803 -7.7687 1.5785 18.2255 -3.1509 12.1862
Car -1 -1 0.4449 171.6561 195.4852 373.2086 263.8690 1.4041 1.5746 3.7019 -7.3156 1.6427 15.8074 0.0115 10.6692
Car -1 -1 -1.6813 655.1072 185.1783 701.7372 221.8822 1.4423 1.5437 3.5519 2.8590 1.4419 30.0314 -1.5863 9.1773
Car -1 -1 -1.7445 669.2254 187.1480 739.3805 233.0915 1.3895 1.5984 4.2094 3.0896 1.4611 24.0567 -1.6167 8.1660
Car -1 -1 3.4196 312.2456 189.3651 443.4241 235.2921 1.4173 1.5613 3.7434 -7.3768 1.5570 23.1682 3.1114 6.5774
Car -1 -1 -1.6233 636.1780 183.6730 661.4624 204.9644 1.4522 1.5920 3.5999 2.8520 1.3481 50.8289 -1.5672 4.5160
Car -1 -1 1.6988 491.1765 184.2149 524.6248 209.1355 1.5501 1.6667 3.9131 -6.4618 1.4890 46.6755 1.5612 1.7083
Car -1 -1 -1.3484 434.6409 180.9503 489.9213 223.0770 1.7576 1.6351 3.6452 -6.4078 1.5808 31.8297 -1.5470 1.5030
Car -1 -1 -1.6670 644.8330 181.5394 686.9966 216.6166 1.5887 1.6460 3.7981 2.7007 1.4233 34.4680 -1.5888 -0.2625
