Car -1 -1 3.5901 140.2610 200.5380 353.9348 279.4078 1.5106 1.5559 3.6407 -7.3950 1.8460 14.8770 3.1288 16.8305
Car -1 -1 -1.8379 710.3459 187.9232 844.4382 277.8906 1.5413 1.6469 3.6310 3.1560 1.6032 14.2773 -1.6203 15.1347
Car -1 -1 3.4004 288.7423 186.4119 439.5665 246.0096 1.7611 1.7242 4.1228 -7.4872 1.8010 22.2734 3.0761 11.3761
Car -1 -1 3.4495 258.3128 197.3278 412.5094 253.2636 1.4380 1.5666 3.6570 -7.4284 1.7865 19.7346 3.0895 10.8669
Car -1 -1 -3.0087 347.9598 192.2030 470.9715 237.8840 1.5621 1.6698 4.1069 -7.1229 1.8269 26.0173 -3.2759 10.0183
Car -1 -1 -2.2325 888.1086 197.7056 1240.0000 375.0000 1.4992 1.5468 3.6755 3.2937 1.6128 4.6044 -1.6116 10.0113
Car -1 -1 -1.7562 669.6444 188.2101 746.4603 241.3035 1.4862 1.6421 3.9447 2.9748 1.5889 22.3594 -1.6239 8.2957
Car -1 -1 -1.7068 650.2661 188.0825 703.7299 226.5323 1.4676 1.6414 4.1923 2.7656 1.5964 29.8818 -1.6145 7.5354
Car -1 -1 3.1657 440.8207 188.5552 505.1884 211.6609 1.4252 1.5976 3.9602 -8.5700 1.6441 45.7635 2.9805 3.6586
Car -1 -1 -2.4081 445.2806 191.1831 511.6992 217.9664 1.4640 1.5789 3.6751 -7.5330 1.8246 41.6597 -2.5870 0.7163
Car -1 -1 -2.5627 443.7814 190.1094 515.4020 216.6839 1.5362 1.6845 4.0181 -7.8159 1.8454 43.6875 -2.7397 -0.5410
Car -1 -1 -2.9819 477.7569 183.5030 521.2611 199.8305 1.4485 1.5806 3.6611 -9.7109 1.2977 64.5783 -3.1311 -0.6423
