Car -1 -1 -1.7808 709.4646 174.2734 865.3656 292.1687 1.6860 1.6853 4.2068 2.8183 1.5307 12.3914 -1.5572 13.6708
Car -1 -1 0.4116 138.7951 199.9510 369.2697 270.0821 1.3681 1.6007 4.0990 -7.4239 1.7005 15.2737 -0.0408 13.2489
Car -1 -1 -1.7255 649.0628 181.4487 705.1812 221.7741 1.4953 1.6257 3.9212 2.6540 1.3568 28.6602 -1.6331 13.2338
Car -1 -1 -1.9306 769.4007 192.9623 1046.6445 367.9498 1.4174 1.5202 3.3977 2.8264 1.5196 7.6738 -1.5777 12.5714
Car -1 -1 0.2839 290.9718 192.4112 444.0404 237.1868 1.3913 1.6499 4.4703 -7.8105 1.6371 23.5306 -0.0366 10.6573
Car -1 -1 3.3515 380.1641 185.0587 480.5856 218.0243 1.4004 1.5970 4.0146 -7.7228 1.3948 31.3943 3.1103 6.9743
Car -1 -1 3.7705 0.0000 183.1883 185.1213 354.2415 1.7986 1.7351 3.6460 -7.4383 1.7785 8.5753 3.0560 6.3929
Car -1 -1 -1.2606 626.3542 175.6971 660.5189 195.3172 1.4262 1.5484 3.6043 2.7070 0.7354 54.2091 -1.2107 3.6499
Car -1 -1 1.6935 499.9574 193.6958 531.8458 217.5482 1.4704 1.6265 3.9822 -6.0768 2.0581 47.7235 1.5668 -0.0207
Car -1 -1 0.2572 363.5151 186.3286 471.2641 224.0132 1.4846 1.6335 3.9441 -7.7050 1.5322 29.1833 -0.0010 -0.3900
Car -1 -1 1.5247 514.9327 185.4833 535.5503 202.7999 1.5744 1.7298 4.2238 -7.7999 1.6015 67.6444 1.4099 -0.5967
