Car -1 -1 -2.7839 222.7215 190.3265 396.0745 252.5111 1.4907 1.5759 3.7445 -7.5059 1.6274 18.2175 -3.1748 15.4262
Car -1 -1 -1.7718 692.2066 178.9773 788.6089 246.8836 1.4917 1.6066 3.5858 3.0839 1.3558 17.6014 -1.5984 14.5828
Car -1 -1 -2.0678 781.5073 186.7022 1128.2399 373.9502 1.5219 1.6435 3.8651 3.3068 1.5435 7.8754 -1.6703 10.6225
Car -1 -1 -1.7341 659.0601 178.4850 723.7597 223.9535 1.4962 1.6372 4.0816 2.8652 1.2758 25.7313 -1.6232 10.6032
Car -1 -1 3.3648 326.8482 178.0509 457.9060 228.0157 1.7098 1.7100 4.1949 -7.6167 1.4657 25.5867 3.0755 8.9984
Car -1 -1 3.4255 301.6552 190.1457 437.2882 236.9466 1.4367 1.5673 3.8523 -7.6175 1.6020 23.0924 3.1069 8.6531
Car -1 -1 -2.8797 371.6625 182.0076 483.8548 221.3117 1.5651 1.6724 4.1759 -7.3601 1.4384 29.4926 -3.1243 6.4568
Car -1 -1 3.2736 484.3240 180.6529 530.6156 196.7320 1.4502 1.6304 4.0091 -9.1420 1.0398 65.6567 3.1352 4.2652
Car -1 -1 1.7845 431.5390 181.2618 483.5956 217.2050 1.5916 1.6281 3.7682 -7.0112 1.4177 33.7191 1.5795 1.9056
Car -1 -1 -2.3800 441.3166 183.1193 505.8436 209.9627 1.4405 1.5545 3.4115 -7.5361 1.3291 40.1522 -2.5655 1.7770
Car -1 -1 -1.4856 645.5188 177.2342 689.0376 212.0636 1.5053 1.6623 4.0983 2.7743 1.1615 33.2239 -1.4023 1.7362
Car -1 -1 0.3056 458.5417 181.2971 519.0189 203.5459 1.4836 1.6166 3.7554 -8.1086 1.2234 48.9947 0.1416 1.0071
Car -1 -1 1.7324 474.6659 182.2868 509.6636 207.1805 1.5024 1.5787 3.8631 -7.2645 1.3267 45.3139 1.5734 0.5722
Car -1 -1 -0.5290 629.4128 178.7145 705.0015 206.1174 1.4903 1.6575 3.9722 3.3439 1.1379 40.6977 -0.4470 0.4542
