Car -1 -1 -2.0103 755.3905 185.9361 1014.0132 332.8853 1.5352 1.6556 3.7358 3.2792 1.5478 9.4705 -1.6770 16.7957
Car -1 -1 3.4923 255.1101 188.9316 409.0704 246.0017 1.4970 1.5836 3.6332 -7.5419 1.6046 19.7753 3.1279 15.7167
Car -1 -1 -1.7602 682.2161 177.6189 770.8988 240.1314 1.5115 1.6283 3.8348 3.0325 1.3290 19.3216 -1.6046 13.0551
Car -1 -1 -1.7403 652.6590 177.6934 715.5571 220.7738 1.5134 1.6694 4.2730 2.7855 1.2503 27.4378 -1.6391 9.5835
Car -1 -1 -2.2215 903.6527 207.9984 1240.0000 375.0000 1.4176 1.5947 4.0287 3.3456 1.6202 4.3338 -1.5641 9.1551
Car -1 -1 -1.6347 643.9015 177.2196 682.6308 209.9977 1.4909 1.6082 3.7856 2.5876 1.1283 34.5937 -1.5600 7.4605
Car -1 -1 3.2853 337.8479 176.8636 461.8681 225.0570 1.7410 1.7396 4.2896 -7.7830 1.4404 27.1177 3.0058 7.4493
Car -1 -1 3.4368 317.0204 186.5724 446.1282 230.5981 1.4605 1.6070 3.9384 -7.7444 1.5099 24.7146 3.1331 7.0602
Car -1 -1 3.2111 369.0303 179.7957 486.2549 221.3227 1.7066 1.7817 4.7509 -7.6624 1.4850 30.8275 2.9675 5.5514
Car -1 -1 3.3265 423.8730 181.6594 499.4960 207.6160 1.4509 1.6276 3.9995 -8.3200 1.2533 41.0229 3.1264 3.9848
Car -1 -1 -1.6188 510.3934 178.2634 529.1057 194.1704 1.4647 1.5822 3.6656 -8.3696 0.8257 68.1298 -1.7410 3.5841
Car -1 -1 -2.5831 445.7058 180.9389 512.5312 204.2220 1.4564 1.6347 3.9921 -8.3381 1.1900 46.4641 -2.7607 1.9068
Car -1 -1 -0.8450 629.8240 181.4673 692.6359 209.0262 1.5351 1.5945 3.7060 3.1215 1.3274 41.9007 -0.7707 0.3568
Car -1 -1 -2.4042 454.3551 180.4287 516.3994 203.1745 1.4891 1.6539 4.1118 -8.3577 1.1768 48.8589 -2.5736 -1.2577
