Car -1 -1 -1.8424 735.4090 182.6233 942.1164 311.2981 1.4820 1.6702 4.1647 2.9798 1.4533 10.3647 -1.5625 13.0213
Car -1 -1 -1.7329 687.8533 177.8534 771.4918 239.2739 1.3967 1.4963 3.5565 2.9251 1.2304 18.1229 -1.5728 12.4753
Car -1 -1 -1.6701 662.3606 175.1807 714.9566 218.8824 1.5106 1.5750 3.5667 2.8934 1.1648 26.6342 -1.5619 11.2816
Car -1 -1 3.6725 0.0000 201.6210 291.7725 298.1586 1.4490 1.5656 3.9078 -7.5940 1.7419 11.9282 3.1055 11.1153
Car -1 -1 -2.3478 946.4111 181.9849 1240.0000 375.0000 1.5989 1.6164 3.8743 3.0868 1.5950 3.0582 -1.5577 9.7538
Car -1 -1 3.5113 168.3371 198.1417 373.6174 261.9006 1.3526 1.5461 3.9821 -7.6552 1.6668 16.5102 3.0772 9.4219
Car -1 -1 3.4556 260.7822 193.9161 419.8334 243.7832 1.4080 1.5908 4.1677 -7.9379 1.6797 21.4771 3.1016 9.4070
Car -1 -1 -2.9411 442.3773 184.3854 513.4396 208.9364 1.4360 1.6223 3.9299 -7.7374 1.3886 42.8961 -3.1195 7.9534
Car -1 -1 -2.9448 313.4841 190.8443 438.8034 235.9317 1.4249 1.5915 3.7385 -7.6770 1.6216 23.9666 -3.2548 7.6659
Car -1 -1 3.9435 0.0000 212.4321 141.6945 375.0000 1.5307 1.6625 4.1235 -6.9804 1.8162 6.6631 3.1349 5.9536
Car -1 -1 2.0549 0.0000 199.9844 217.4271 369.7740 1.4917 1.7069 4.3086 -6.6594 1.7235 8.9651 1.4160 4.1923
