Car -1 -1 -1.8849 736.7494 193.8672 944.9385 321.8355 1.4384 1.6013 4.0009 3.0270 1.5888 10.3737 -1.6010 14.1446
Car -1 -1 -1.7480 690.8920 189.8228 785.6589 260.9729 1.4205 1.5013 3.4236 2.7983 1.5371 16.2878 -1.5778 14.0090
Car -1 -1 3.5076 200.8481 178.9354 383.7029 259.2898 1.8281 1.6189 3.6820 -7.5014 1.6864 17.2412 3.0972 12.1859
Car -1 -1 3.7617 0.0000 200.9870 232.0184 327.3491 1.4732 1.6293 3.8722 -7.3839 1.7023 9.4934 3.1006 11.8376
Car -1 -1 -1.7005 669.9273 183.6282 745.8338 243.2212 1.5764 1.6626 4.0340 2.7796 1.5355 21.0301 -1.5691 11.5362
Car -1 -1 3.6202 0.0000 204.0614 304.7828 299.3571 1.3935 1.5615 3.9897 -7.3510 1.7288 11.8111 3.0635 8.8395
Car -1 -1 -2.8344 306.0456 193.2317 447.0771 237.7752 1.4145 1.6176 4.1776 -7.6592 1.6916 23.9314 -3.1441 8.7877
Car -1 -1 3.2898 427.4157 187.9124 507.0041 214.8390 1.4577 1.6637 4.1497 -7.8027 1.6124 40.0201 3.0972 7.9113
Car -1 -1 -1.7550 639.0251 186.4653 682.0132 215.7359 1.4293 1.5652 3.6470 2.6455 1.4984 37.1616 -1.6839 6.1776
Car -1 -1 -1.6214 638.5846 183.4530 668.3762 209.7718 1.4762 1.5528 3.6359 2.6160 1.3785 42.1427 -1.5595 3.1621
Car -1 -1 -0.0690 622.0221 179.1981 664.8674 196.1768 1.4490 1.6011 3.5980 3.0532 0.9366 62.1801 -0.0199 1.9565
Car -1 -1 0.0199 449.5419 186.0141 517.4163 213.4438 1.5639 1.6386 3.8474 -7.2841 1.6130 42.1451 -0.1513 -1.2683
