Car -1 -1 -1.8946 725.5992 186.5973 871.5641 270.4641 1.4506 1.6128 4.0068 3.6211 1.4836 14.5589 -1.6508 14.6988
Car -1 -1 -1.9028 791.1162 195.7124 1020.8585 333.6686 1.3983 1.5625 3.7358 3.5717 1.5652 9.4599 -1.5418 13.6076
Car -1 -1 3.4137 345.5016 188.2627 468.6682 232.7782 1.4963 1.6290 3.8449 -6.9747 1.6072 25.0866 3.1426 13.5133
Car -1 -1 -1.7126 687.1355 179.6024 750.9063 228.1883 1.5158 1.6069 3.6558 3.6327 1.3418 24.2563 -1.5639 12.6758
Car -1 -1 3.6014 25.6375 199.4785 329.2703 303.8823 1.4904 1.6426 3.8317 -6.7190 1.7382 11.4721 3.0716 12.6017
Car -1 -1 3.8627 0.0000 212.2648 216.4699 358.3247 1.4598 1.6444 4.0498 -7.0720 1.8080 8.3601 3.1606 10.9736
Car -1 -1 -1.7177 666.4253 179.2897 715.2289 214.9374 1.5011 1.6140 3.8447 3.6244 1.2527 32.2161 -1.6056 8.2349
Car -1 -1 1.8990 439.1674 183.0269 501.6697 222.8361 1.5924 1.5905 3.4256 -5.8059 1.5059 30.5576 1.7112 4.5151
Car -1 -1 -0.5498 652.5366 181.5480 728.8368 210.5299 1.5082 1.6228 3.8231 4.4680 1.3185 38.9481 -0.4355 3.0097
Car -1 -1 -1.6059 481.7351 181.2268 516.9671 213.9666 1.6066 1.6620 4.0107 -5.7152 1.4120 37.3965 -1.7576 1.2314
Car -1 -1 -0.6998 628.3719 179.1125 698.3879 209.3673 1.6325 1.6313 3.7755 3.1310 1.3043 40.5476 -0.6228 -0.9085
Car -1 -1 -2.5308 472.5827 181.7105 534.8554 204.8231 1.4626 1.5877 3.8122 -6.8398 1.2419 47.0527 -2.6752 -1.3509
