Car -1 -1 -1.7337 691.8428 181.0554 785.7868 249.6259 1.4477 1.5541 3.8857 2.9484 1.3610 17.1215 -1.5632 15.0064
Car -1 -1 -1.8643 751.6146 185.5352 973.1283 325.2446 1.4567 1.5826 3.8726 2.9950 1.4629 9.4473 -1.5573 13.4381
Car -1 -1 -1.6982 665.7636 178.7754 721.1585 223.2394 1.4653 1.5121 3.3602 2.9214 1.2542 25.3757 -1.5836 12.3653
Car -1 -1 3.4882 236.1851 199.0401 417.7724 250.1912 1.3629 1.6399 4.5367 -7.9394 1.7749 20.4926 3.1186 11.2437
Car -1 -1 3.5469 122.6062 204.5283 358.8474 271.5360 1.3122 1.5359 4.2785 -7.8107 1.7537 15.4895 3.0798 9.8950
Car -1 -1 0.1621 444.9262 188.2338 510.7965 213.7104 1.4469 1.5487 3.5689 -7.5472 1.6270 41.8167 -0.0164 8.8950
Car -1 -1 3.6777 0.0000 206.4303 260.0515 317.6824 1.4830 1.6013 3.7412 -7.5687 1.8325 10.8679 3.0694 7.9311
Car -1 -1 -1.3514 368.9565 192.5279 443.0457 241.6511 1.4631 1.6135 3.5970 -6.6252 1.7250 23.7922 -1.6230 5.6078
Car -1 -1 2.2217 0.0000 206.7461 184.2732 375.0000 1.5367 1.6500 4.0649 -6.7318 1.8404 8.0289 1.5240 1.7923
Car -1 -1 -3.1214 453.5687 184.5500 516.6983 210.3071 1.5401 1.6195 3.7463 -7.5134 1.5015 44.0586 -3.2903 1.2663
Car -1 -1 -2.9997 441.5877 186.9619 516.3414 213.5608 1.4571 1.6478 3.9418 -7.2182 1.5585 40.3860 -3.1766 0.7707
