Car -1 -1 -1.7268 671.5823 183.9874 747.1980 237.9376 1.4132 1.5615 3.8129 2.7911 1.3821 20.7491 -1.5931 13.7996
Car -1 -1 -1.8174 701.8495 186.9842 834.4326 267.3258 1.3830 1.5842 4.2367 3.0212 1.4254 14.6155 -1.6135 13.1738
Car -1 -1 -2.0406 771.2915 192.0232 1145.2219 375.0000 1.4837 1.6486 4.0077 3.0482 1.5744 7.3901 -1.6494 12.9160
Car -1 -1 -1.6864 659.2909 176.7529 720.5146 227.2088 1.6351 1.6673 4.0224 2.7670 1.3620 25.3083 -1.5775 10.9838
Car -1 -1 3.7924 0.0000 167.4521 178.3407 321.9690 1.6978 1.6519 3.3315 -7.4814 1.5037 8.8084 3.0882 9.9071
Car -1 -1 3.5847 85.2429 192.1350 346.8187 271.4969 1.4044 1.5988 4.1179 -7.3934 1.5468 13.7744 3.0921 9.4536
Car -1 -1 -2.7999 280.5412 173.0274 428.4962 237.7367 1.8733 1.6568 3.8720 -7.5848 1.5216 21.6444 -3.1369 9.0385
Car -1 -1 3.5141 169.2785 192.2882 377.6149 258.9425 1.3967 1.5766 3.9438 -7.4306 1.5657 16.1536 3.0830 6.5978
Car -1 -1 -1.6433 639.4220 182.2273 670.6374 207.9793 1.4208 1.5332 3.5694 2.6598 1.2570 41.4471 -1.5792 6.3238
Car -1 -1 3.2615 441.3690 180.8149 513.3943 205.4238 1.4857 1.6703 4.2043 -8.0219 1.2211 44.3527 3.0825 5.6462
Car -1 -1 3.8200 0.0000 204.8861 85.3245 375.0000 1.4301 1.5993 4.2705 -7.5269 1.6391 6.4140 2.9550 4.7926
Car -1 -1 -1.5054 419.4280 186.4169 464.2444 225.1247 1.4655 1.5493 3.4557 -6.7102 1.5184 29.1549 -1.7316 3.2856
Car -1 -1 3.4838 228.4333 188.3268 394.1568 245.4880 1.4040 1.5572 3.6571 -7.6220 1.4894 18.6091 3.0951 3.1322
Car -1 -1 -1.6327 632.2406 179.7994 660.0845 203.1807 1.4597 1.5767 3.6488 2.4371 1.1227 46.7074 -1.5806 2.2295
Car -1 -1 -0.7575 620.0927 177.1154 661.5611 193.3482 1.4749 1.5882 3.8260 3.1012 0.7400 67.1594 -0.7113 0.6404
