Car -1 -1 -1.8924 760.4279 185.7483 971.6433 318.5398 1.4742 1.5729 3.5733 3.2018 1.4839 9.7820 -1.5760 13.2173
Car -1 -1 -1.7428 687.7781 178.4864 776.8015 245.7654 1.4816 1.5483 3.4343 2.8890 1.3345 17.5505 -1.5797 12.4978
Car -1 -1 3.7147 0.0000 206.9573 213.6006 336.9693 1.4842 1.6057 3.4667 -7.4305 1.8012 9.4815 3.0499 9.1079
Car -1 -1 -1.7890 660.5261 178.1543 725.2130 220.5802 1.4798 1.5937 3.9171 3.0867 1.2346 27.1010 -1.6756 8.8859
Car -1 -1 3.6640 0.0000 195.9857 290.6752 302.0058 1.5884 1.6821 3.9371 -7.6349 1.7818 11.8916 3.0932 8.3046
Car -1 -1 -1.7259 678.0552 179.8654 748.6209 231.7672 1.4612 1.5757 3.6572 3.1109 1.3117 22.0740 -1.5859 7.1802
Car -1 -1 3.8929 0.0000 217.2944 132.6619 375.0000 1.4416 1.6052 4.2042 -7.5473 1.8097 7.3123 3.0917 6.8083
Car -1 -1 1.4674 406.7829 180.1707 465.3583 228.8983 1.6961 1.7136 4.2975 -6.6373 1.5216 27.3292 1.2291 6.4174
Car -1 -1 1.5072 500.8134 183.9214 529.2478 206.4955 1.4738 1.6542 4.2601 -6.4037 1.3905 49.1788 1.3778 4.8980
Car -1 -1 -1.6501 645.2351 178.9468 679.4553 207.5377 1.5306 1.6157 3.7303 2.9918 1.1961 40.3499 -1.5761 3.8293
Car -1 -1 1.8777 477.5104 180.3744 524.0430 210.1600 1.6691 1.6330 3.8124 -6.2642 1.3989 42.2901 1.7306 2.7393
Car -1 -1 -0.4931 630.1335 177.7112 680.1528 195.7173 1.4788 1.6327 3.8984 3.9837 0.8636 60.5833 -0.4275 0.8835
Car -1 -1 -0.5250 621.6743 179.1047 665.6706 195.1039 1.4344 1.5837 3.7460 3.2946 0.8877 66.0068 -0.4751 -0.3751
