Car -1 -1 -1.7715 707.7167 174.2781 812.5145 252.0322 1.5398 1.5939 3.3978 3.2065 1.3243 15.9327 -1.5729 14.3466
Car -1 -1 3.5915 96.1330 202.1593 334.3266 284.1397 1.4033 1.5305 3.6232 -7.2807 1.7425 13.4960 3.0968 13.6715
Car -1 -1 -1.9389 791.2032 184.5051 1112.3204 375.0000 1.4962 1.6171 3.8378 3.1337 1.4918 7.5622 -1.5460 12.8091
Car -1 -1 -1.6684 669.8281 175.0732 728.3952 222.6971 1.4583 1.5557 3.7183 2.9183 1.1489 23.8857 -1.5469 11.9872
Car -1 -1 3.7483 0.0000 208.2345 272.2709 314.7189 1.4577 1.6748 4.3395 -7.7733 1.8402 11.0552 3.1355 10.7384
Car -1 -1 3.5641 168.4173 194.3424 361.7276 263.4142 1.4274 1.5517 3.5299 -7.5082 1.6404 15.8751 3.1224 9.8527
Car -1 -1 0.2298 399.3857 187.3349 492.6484 219.1405 1.3915 1.5594 3.8418 -7.2645 1.4904 32.3496 0.0089 6.8877
Car -1 -1 1.6986 492.7120 181.5411 527.5837 207.2656 1.4784 1.5853 4.0111 -5.8600 1.2684 43.3214 1.5642 1.8999
Car -1 -1 1.6914 496.7556 180.3217 526.5373 203.3024 1.4788 1.5480 3.6576 -6.4145 1.1650 48.0919 1.5588 1.7718
Car -1 -1 -0.5283 635.9648 177.1911 701.5520 202.5521 1.5730 1.6705 3.8859 3.8983 1.0764 46.1708 -0.4441 -0.2052
Car -1 -1 -1.2578 287.3864 186.7250 403.8096 252.6378 1.4978 1.6470 3.9726 -6.6068 1.5419 18.4344 -1.6019 -0.7939
Car -1 -1 1.6803 514.7742 182.0764 541.0193 201.8720 1.4569 1.5879 3.7650 -6.0692 1.2270 54.7849 1.5700 -0.7948
