Car -1 -1 -1.7837 700.9064 187.5608 820.0000 270.7327 1.4250 1.5448 3.5376 2.8216 1.4782 14.1940 -1.5875 13.8899
Car -1 -1 -1.9508 761.4878 190.7446 1050.4328 361.0354 1.4738 1.6103 3.9453 3.0192 1.5545 8.3455 -1.6037 13.4613
Car -1 -1 -1.7088 676.9107 175.4559 763.9425 245.8613 1.6461 1.6725 4.0888 2.7866 1.4191 18.8554 -1.5621 12.4631
Car -1 -1 3.5897 140.3500 176.2579 355.3923 265.1890 1.7660 1.6693 3.6905 -7.4955 1.5893 15.1281 3.1296 12.2089
Car -1 -1 -1.6734 643.3499 180.2445 682.7689 211.2797 1.4324 1.5394 3.6374 2.6122 1.2041 35.0135 -1.5989 11.0504
Car -1 -1 -2.5284 0.0000 203.0117 244.1577 318.0300 1.3769 1.5650 4.0238 -7.3855 1.6400 9.7218 -3.1781 10.3530
Car -1 -1 3.4512 283.9809 189.6998 433.9772 237.8069 1.3876 1.6045 3.9878 -7.4776 1.5296 21.7341 3.1198 9.8238
Car -1 -1 3.6726 0.0000 195.0218 278.6392 288.3176 1.4396 1.5826 3.8238 -7.8895 1.6185 12.1494 3.0966 9.5408
Car -1 -1 3.3722 354.6702 185.2931 472.5538 220.2788 1.4161 1.6809 4.4866 -8.0670 1.4205 30.0079 3.1096 7.1896
Car -1 -1 -1.5770 625.3323 176.1354 644.5885 193.6793 1.4398 1.5799 3.6676 2.2768 0.6957 60.8509 -1.5396 2.7965
Car -1 -1 -1.6309 638.8629 178.0524 673.5601 209.4208 1.6590 1.6802 3.9852 2.6206 1.2813 40.0127 -1.5655 1.0853
Car -1 -1 -1.6870 659.6041 176.6601 715.0918 222.1167 1.6743 1.7180 3.9691 3.0384 1.3603 28.4668 -1.5806 -1.3275
