Car -1 -1 -1.8125 706.8344 188.0811 826.9249 271.0717 1.5214 1.6250 3.5296 3.1483 1.5898 15.0909 -1.6068 15.6636
Car -1 -1 3.5853 171.2242 199.9049 368.5003 274.5794 1.5194 1.6087 3.5722 -7.3494 1.8594 15.7616 3.1490 15.4707
Car -1 -1 -2.2086 843.9238 200.6793 1240.0000 375.0000 1.4701 1.6032 3.6845 3.2891 1.6297 5.4537 -1.6659 11.7869
Car -1 -1 3.4112 299.8577 187.2491 445.5039 239.2616 1.6020 1.6966 4.1575 -7.5183 1.6713 23.1505 3.0972 11.7719
Car -1 -1 -2.8367 270.1635 197.0408 419.4908 251.9389 1.4757 1.6085 3.7052 -7.4826 1.8301 20.5854 -3.1853 11.2461
Car -1 -1 3.2461 353.1877 193.8915 472.6880 237.0200 1.5133 1.6555 4.1541 -7.2148 1.8521 26.8254 2.9834 7.8651
Car -1 -1 -1.7903 664.2321 188.5083 742.8733 239.5138 1.4792 1.6476 4.0584 2.9456 1.5963 23.2113 -1.6641 7.4525
Car -1 -1 -1.4892 510.2325 184.9954 534.7642 206.2242 1.8413 1.8436 4.3119 -7.6263 1.8233 64.5335 -1.6069 2.5798
Car -1 -1 -2.3872 450.9950 191.9746 513.6993 217.9873 1.4466 1.5681 3.5292 -7.4448 1.8620 42.4396 -2.5608 -0.1208
Car -1 -1 -1.4839 656.9952 186.9352 703.5106 224.3259 1.4659 1.6308 3.8434 3.0869 1.5446 30.4061 -1.3828 -0.1941
Car -1 -1 -1.3145 521.4922 186.8153 548.8494 202.0665 1.4728 1.6749 4.3994 -7.2556 1.6398 72.2042 -1.4147 -0.4274
Car -1 -1 -3.1137 452.6632 189.5640 508.3088 212.7985 1.4621 1.5671 3.4988 -8.2516 1.7517 46.6502 -3.2888 -0.5986
