Car -1 -1 -1.8172 719.9137 185.8201 859.5094 280.9576 1.5245 1.6287 3.6314 3.1595 1.5384 13.3658 -1.5850 14.5124
Car -1 -1 3.6318 113.6566 198.6318 340.4515 282.7774 1.5175 1.5682 3.5948 -7.3496 1.7951 14.0113 3.1487 13.5873
Car -1 -1 3.3420 271.8192 184.3944 433.6579 243.7416 1.6728 1.6754 4.2887 -7.5031 1.6507 21.3809 3.0045 11.0865
Car -1 -1 -1.7901 669.4506 184.4912 755.0459 239.3947 1.4814 1.6475 4.1271 2.9667 1.4630 21.5164 -1.6531 9.3176
Car -1 -1 3.4666 247.1785 192.8562 404.0741 252.7154 1.4793 1.5737 3.5125 -7.3502 1.6900 18.8506 3.0948 8.8332
Car -1 -1 -1.6802 652.9352 185.6256 703.4059 223.0402 1.3978 1.5732 4.0341 2.7262 1.4166 28.9267 -1.5863 8.7958
Car -1 -1 3.2819 337.7432 189.8680 464.0756 236.2790 1.5379 1.6290 4.0547 -7.1742 1.7087 25.1202 3.0037 8.1570
Car -1 -1 -1.5994 422.9901 187.9022 464.2387 224.7221 1.4921 1.6412 3.6883 -7.2532 1.6180 31.4087 -1.8263 4.1987
Car -1 -1 1.7535 465.0529 186.5373 503.7557 213.3383 1.4480 1.5474 3.5465 -6.9810 1.5274 40.7926 1.5840 3.8935
Car -1 -1 -1.4043 463.4716 185.1461 500.3423 209.8380 1.4728 1.6308 3.9808 -7.8294 1.4698 44.8687 -1.5770 -0.0975
Car -1 -1 -1.2402 509.1172 184.8140 540.7620 203.6488 1.5826 1.6388 3.6286 -7.1590 1.5500 62.3461 -1.3545 -0.4957
