Car -1 -1 -1.8574 744.2786 172.6178 935.3419 297.9734 1.5455 1.6591 3.6620 3.1572 1.3913 10.6904 -1.5702 14.2781
Car -1 -1 3.7216 0.0000 192.2922 287.8793 300.8063 1.5720 1.5938 3.6439 -7.2703 1.6927 11.3304 3.1511 14.0268
Car -1 -1 -1.7771 681.4900 174.8428 776.4756 237.6729 1.4626 1.6257 3.9991 2.9909 1.2223 18.7670 -1.6191 11.2507
Car -1 -1 -1.7013 657.1219 172.7114 716.1663 215.4711 1.4442 1.6063 4.1428 2.7706 1.0230 26.3676 -1.5967 10.6398
Car -1 -1 3.5217 178.3431 189.1841 374.3529 256.2454 1.4189 1.5820 3.6867 -7.3925 1.5142 16.1887 3.0933 10.5976
Car -1 -1 3.4403 223.7245 173.5808 410.3099 245.1747 1.7582 1.7237 4.1730 -7.4680 1.4736 18.6792 3.0599 10.5501
Car -1 -1 3.4254 301.3921 181.3322 451.5919 232.3696 1.5340 1.6510 4.1777 -7.1842 1.4184 22.4812 3.1161 10.4142
Car -1 -1 3.3387 419.4320 180.0103 499.4378 207.1592 1.4747 1.6206 4.1090 -8.2093 1.1931 39.8665 3.1357 4.6779
Car -1 -1 -2.9132 389.2580 180.2763 478.8415 212.5261 1.4248 1.5903 3.6817 -7.8542 1.2077 32.5662 -3.1498 4.3013
Car -1 -1 1.5589 488.0901 177.9544 514.1569 201.0484 1.4805 1.6581 4.3465 -7.2235 1.0161 48.3589 1.4107 0.5799
Car -1 -1 -2.3733 448.4931 175.9364 523.9621 207.3675 1.7500 1.7216 4.3732 -7.1495 1.2345 41.9642 -2.5421 -0.0209
Car -1 -1 3.2462 495.9919 180.6825 538.3219 197.0757 1.4259 1.5361 3.5603 -7.9687 1.0328 63.3300 3.1210 -0.4071
Car -1 -1 -0.2258 634.8767 171.8835 705.0764 199.6895 1.5740 1.6401 3.7911 3.5616 0.8205 41.7668 -0.1408 -0.4325
Car -1 -1 -2.5416 466.2912 170.8166 526.4911 195.4396 1.9722 1.9440 4.6306 -9.2287 0.8200 59.4482 -2.6956 -0.7501
