Car -1 -1 -1.9943 818.2679 187.0719 1228.5064 375.0000 1.5567 1.6091 3.7711 3.1579 1.5795 6.4945 -1.5418 14.0205
Car -1 -1 -1.7954 712.8400 179.0192 830.6144 260.7719 1.4943 1.5945 3.5383 3.2106 1.3822 14.9148 -1.5834 14.0126
Car -1 -1 3.6233 41.8712 205.0914 313.8095 295.9068 1.4109 1.5795 3.7348 -7.3217 1.7804 12.4341 3.0911 12.0148
Car -1 -1 -1.7029 670.6871 177.6203 734.6294 227.1767 1.4460 1.5414 3.4581 2.8791 1.2255 22.7049 -1.5767 10.4741
Car -1 -1 -2.4852 0.0000 213.2737 222.1251 331.7701 1.4406 1.6284 3.9947 -7.8355 1.8633 9.9644 -3.1516 9.9906
Car -1 -1 0.4794 136.3450 197.2585 344.9151 273.7005 1.4578 1.5895 3.4795 -7.4833 1.7201 14.7748 0.0106 5.6830
Car -1 -1 -1.3320 403.0672 184.3462 463.8610 223.7173 1.6704 1.7462 4.1346 -7.8435 1.6346 32.5643 -1.5684 5.3170
Car -1 -1 -1.6161 642.5119 178.8911 671.9788 204.3899 1.5470 1.6737 4.1551 3.0798 1.1645 45.7057 -1.5488 2.8930
Car -1 -1 1.6828 513.7569 184.4752 541.0969 205.0371 1.4950 1.6073 4.0904 -6.0477 1.4423 54.3085 1.5719 1.6330
Car -1 -1 -2.0063 625.5497 180.6794 681.3332 210.3623 1.5763 1.6209 3.8908 2.4729 1.3365 40.2781 -1.9450 -1.0691
Car -1 -1 1.6901 507.4075 183.5444 538.4619 206.6289 1.4582 1.5763 3.9445 -5.5712 1.3538 47.3792 1.5730 -1.1750
