Car -1 -1 -1.8929 730.8822 185.9951 864.0695 265.6862 1.4570 1.5642 3.7203 3.7696 1.4766 15.0916 -1.6481 15.7484
Car -1 -1 3.4069 362.9726 188.2681 477.8736 231.3919 1.4925 1.5863 3.7063 -6.7035 1.6067 25.8043 3.1527 15.7301
Car -1 -1 -1.8842 788.9182 195.1481 997.4455 321.1047 1.3778 1.5529 3.7038 3.6613 1.5436 10.0349 -1.5344 13.8889
Car -1 -1 3.5972 68.3782 199.7094 349.5394 295.9293 1.4771 1.6007 3.8600 -6.6372 1.7417 12.1806 3.0983 13.3943
Car -1 -1 3.7680 0.0000 212.4727 249.5575 349.9921 1.4917 1.6438 3.9990 -6.9654 1.8688 9.0270 3.1108 11.9489
Car -1 -1 -1.6766 694.6393 178.9371 752.0551 226.2058 1.5153 1.5837 3.4528 3.8781 1.3151 24.8036 -1.5215 11.4210
Car -1 -1 -1.7229 671.3243 180.2214 720.4708 215.3954 1.5153 1.6396 3.9836 3.9434 1.3013 32.9826 -1.6039 7.1291
Car -1 -1 3.1751 411.5043 186.3050 499.7185 221.6893 1.4510 1.5784 3.5870 -6.4738 1.5002 30.6304 2.9668 4.8446
Car -1 -1 -2.2477 481.1372 181.3131 536.8182 204.1339 1.4461 1.6008 3.8148 -6.5700 1.1999 47.4386 -2.3853 3.1738
Car -1 -1 -1.3113 663.6873 178.7619 710.3454 209.0829 1.6072 1.6505 3.8972 4.4552 1.2662 40.2141 -1.2010 2.7230
Car -1 -1 -1.4614 496.7783 182.1546 529.9927 207.8519 1.4802 1.5985 3.5990 -5.6584 1.3050 43.2195 -1.5916 2.3175
Car -1 -1 0.0814 497.8974 181.6205 546.5191 201.0392 1.5033 1.5928 3.6794 -6.7119 1.2261 56.5100 -0.0368 1.5192
Car -1 -1 -2.9947 486.4488 184.0256 543.3822 204.3057 1.4380 1.6046 3.8775 -6.6805 1.3548 51.8077 -3.1229 -0.3873
