Car -1 -1 -1.9169 724.9383 182.9023 910.9568 296.9521 1.5260 1.6373 3.7040 3.0914 1.4962 11.5290 -1.6549 14.5077
Car -1 -1 -1.7674 684.6161 184.0239 776.1542 244.6115 1.4191 1.5701 4.0828 3.0520 1.3923 18.9023 -1.6073 13.1851
Car -1 -1 3.6203 35.4643 173.5039 307.2594 283.5480 1.8443 1.7114 3.8553 -7.7685 1.6491 13.0127 3.0821 13.1261
Car -1 -1 -1.6883 665.1720 183.1330 722.9100 228.4643 1.4541 1.5522 3.6116 2.8718 1.3884 24.8621 -1.5733 11.2393
Car -1 -1 0.5829 0.0000 196.9863 270.7445 305.1612 1.4531 1.5815 3.8993 -7.3763 1.6426 10.6675 -0.0221 10.7489
Car -1 -1 -2.0579 818.8537 198.8997 1240.0000 375.0000 1.4469 1.5593 3.6834 3.1239 1.6016 6.2071 -1.5916 9.0977
Car -1 -1 3.4644 221.6402 188.7398 398.4601 248.6719 1.4135 1.5457 3.7867 -7.3722 1.5070 17.9534 3.0747 8.0918
Car -1 -1 -1.6173 640.7032 179.9144 668.5884 204.4421 1.4985 1.5982 3.5696 2.9231 1.1758 45.7135 -1.5534 7.7793
Car -1 -1 3.4329 332.0767 180.0755 457.7769 230.4851 1.7490 1.6807 4.0112 -7.6027 1.5717 25.7865 3.1462 7.6110
Car -1 -1 3.4863 279.6800 189.0845 428.2352 239.3328 1.3689 1.5404 3.6895 -7.1985 1.4845 20.4827 3.1484 6.9363
Car -1 -1 -1.6695 654.4969 177.9592 704.6421 221.8091 1.6646 1.6461 3.7748 2.8121 1.3903 29.1750 -1.5734 6.9176
Car -1 -1 0.1746 435.3649 187.6962 509.3099 212.9414 1.3903 1.5712 3.8867 -7.6263 1.5341 40.5505 -0.0113 6.3141
Car -1 -1 3.2486 458.3714 181.7492 524.0271 204.5629 1.5106 1.6713 4.2234 -7.8500 1.2822 48.5422 3.0882 5.0922
Car -1 -1 1.7578 443.0134 181.5816 494.5485 219.0450 1.6415 1.6531 3.9282 -6.4327 1.4834 33.4600 1.5679 3.0547
Car -1 -1 -1.4188 623.7206 177.4440 644.9579 192.3895 1.4441 1.5762 3.6425 2.6605 0.6943 71.3947 -1.3816 1.2552
