Car -1 -1 -1.9136 748.4127 191.8159 983.5603 332.9635 1.4290 1.5786 3.8880 3.0217 1.5348 9.4271 -1.6034 15.3398
Car -1 -1 -1.7683 694.8532 187.7380 801.6409 264.4343 1.4297 1.5319 3.5079 2.8094 1.4907 15.2788 -1.5865 13.8423
Car -1 -1 -1.7181 672.2965 180.2332 756.6512 243.0046 1.5641 1.6864 4.2413 2.8067 1.4411 20.0356 -1.5789 11.6053
Car -1 -1 3.5643 170.7882 179.3111 369.4324 261.7920 1.7614 1.6792 3.6930 -7.5441 1.6365 16.2112 3.1287 10.9180
Car -1 -1 3.7208 0.0000 201.0156 280.4917 303.8949 1.3962 1.5670 4.0013 -7.3375 1.6532 10.8199 3.1249 9.8948
Car -1 -1 -1.6954 641.1075 182.0157 681.5973 212.1877 1.4346 1.5622 3.7528 2.6078 1.2835 36.0899 -1.6232 9.8672
Car -1 -1 3.7627 0.0000 200.8544 189.4130 349.9959 1.4841 1.6418 3.8273 -7.3318 1.6892 8.3656 3.0431 9.4117
Car -1 -1 0.2216 365.9709 187.0627 475.6422 219.4502 1.3554 1.5973 4.3404 -8.0444 1.4385 31.0459 -0.0319 9.0949
Car -1 -1 -2.8145 291.3796 192.0435 439.6366 237.5193 1.3753 1.5873 4.1643 -7.6384 1.6005 22.7785 -3.1380 7.3406
Car -1 -1 3.3051 433.8121 181.8830 504.5363 207.5133 1.4523 1.5734 3.8116 -8.0000 1.2646 41.5659 3.1150 4.1271
Car -1 -1 1.5713 624.7117 175.7301 644.7452 195.9081 1.6849 1.6725 4.1867 2.3192 0.8940 62.1448 1.6086 1.9805
Car -1 -1 -1.7875 632.6182 181.2760 675.3839 209.6519 1.5204 1.6075 3.8481 2.5270 1.3104 40.5372 -1.7253 -0.3861
Car -1 -1 -1.6556 648.2308 177.7169 697.5604 217.8832 1.5537 1.6849 4.0509 2.5973 1.2648 29.8303 -1.5688 -1.2428
