Car -1 -1 -1.9083 716.4688 184.3570 883.9947 285.6110 1.4904 1.6048 3.7623 3.0956 1.4789 12.5264 -1.6661 14.7991
Car -1 -1 3.6000 92.1355 175.4852 329.2447 270.0704 1.7322 1.6733 3.7087 -7.6738 1.5551 14.0727 3.1007 13.0660
Car -1 -1 0.5574 0.0000 196.1400 303.8803 291.5867 1.4283 1.6004 4.0271 -7.3682 1.6203 11.7444 -0.0029 11.9454
Car -1 -1 -1.7587 681.7737 183.0980 767.0500 240.5930 1.4348 1.5888 3.9879 3.0782 1.3831 19.9559 -1.6057 10.8978
Car -1 -1 -1.9689 793.0048 195.6895 1114.9573 375.0000 1.4877 1.5654 3.5607 3.0790 1.6216 7.3291 -1.5712 10.8009
Car -1 -1 -1.6979 662.4581 182.8151 719.5538 226.6480 1.4709 1.5772 3.6912 2.8963 1.3914 25.9761 -1.5868 10.0931
Car -1 -1 3.4632 242.6128 187.0337 411.6336 243.5693 1.4238 1.5949 3.8673 -7.3776 1.4754 19.0468 3.0936 9.7823
Car -1 -1 3.2650 463.0718 181.7672 527.2801 203.5383 1.4772 1.6783 4.2103 -7.7608 1.2443 49.6753 3.1100 9.3652
Car -1 -1 -1.4846 638.3920 181.2904 667.5879 204.7511 1.4626 1.5871 3.6648 2.9525 1.2190 46.7403 -1.4216 9.2567
Car -1 -1 -1.6624 654.7972 178.6138 702.8628 220.8034 1.6757 1.6672 3.8588 2.9133 1.4146 30.4799 -1.5671 8.2255
Car -1 -1 -1.3865 410.5908 180.4479 470.7828 226.2815 1.6550 1.6208 3.6832 -6.4281 1.4840 27.8281 -1.6135 5.8187
Car -1 -1 1.5989 455.9620 183.5971 491.7718 216.6105 1.4788 1.5713 3.5604 -6.3339 1.4074 34.0763 1.4151 3.8822
Car -1 -1 0.1866 441.4422 187.1783 511.3045 212.1519 1.4120 1.5597 3.7499 -7.5857 1.5288 41.5557 0.0061 3.1226
Car -1 -1 -2.7875 291.2377 189.1370 438.4147 238.1157 1.4056 1.5811 3.8858 -7.2717 1.5292 21.6087 -3.1121 2.7026
