Car -1 -1 -1.8049 714.7064 181.2435 868.8773 280.0698 1.4457 1.6414 4.0269 2.9427 1.3887 12.5284 -1.5742 13.9098
Car -1 -1 -1.7022 675.9703 177.6903 749.2138 234.6639 1.4628 1.5520 3.6859 2.8229 1.2707 20.3005 -1.5640 13.3762
Car -1 -1 -2.6932 87.7066 197.9310 332.8461 281.5020 1.4887 1.6330 3.8524 -7.6323 1.7535 13.9927 -3.1925 11.8541
Car -1 -1 -2.4861 0.0000 205.4701 234.9635 353.8547 1.5473 1.6923 4.1349 -7.0487 1.8175 8.6438 -3.1702 10.3464
Car -1 -1 -2.1209 841.3212 180.6348 1240.0000 375.0000 1.6071 1.6006 3.8640 3.0767 1.5877 5.1698 -1.5841 9.0853
Car -1 -1 -2.9782 448.6234 183.8267 512.7234 207.9788 1.4827 1.6084 3.7368 -7.9356 1.3986 44.9531 -3.1530 8.7031
Car -1 -1 3.4731 216.3461 197.7220 394.8581 252.9876 1.3305 1.5096 3.9807 -7.7476 1.6703 18.5804 3.0781 8.6039
Car -1 -1 -1.6670 656.0460 176.8608 703.5799 215.8101 1.4617 1.5468 3.5119 2.7847 1.1493 28.7299 -1.5703 8.2982
Car -1 -1 3.5815 296.6393 193.9411 435.4253 239.2701 1.3949 1.5981 4.0104 -7.9037 1.6943 23.5387 3.2575 6.6462
Car -1 -1 -1.4993 392.5133 186.2860 447.3475 231.5730 1.5705 1.7169 4.0864 -7.0619 1.6153 27.1922 -1.7534 4.9642
Car -1 -1 0.1695 449.6541 181.5336 513.2950 206.7886 1.6168 1.6452 3.8641 -8.2167 1.3822 46.8469 -0.0042 0.4837
