Car -1 -1 -1.8451 738.1791 185.0944 896.4386 293.8032 1.5183 1.5670 3.3917 3.1867 1.5178 11.7396 -1.5800 14.4125
Car -1 -1 -2.2687 936.4205 189.6989 1240.0000 375.0000 1.5000 1.6048 3.7971 3.1219 1.5345 3.4311 -1.5304 12.4914
Car -1 -1 3.5442 0.0000 205.6436 276.6956 311.2681 1.4752 1.5948 3.5574 -7.4883 1.8356 11.5491 2.9689 12.2693
Car -1 -1 -1.7228 680.5240 181.4331 757.3357 240.7820 1.4750 1.5434 3.4208 2.8923 1.3821 19.5759 -1.5761 11.2706
Car -1 -1 3.6155 95.8148 199.7232 336.0898 282.9962 1.4879 1.6104 3.7885 -7.5283 1.7882 13.9773 3.1214 11.2118
Car -1 -1 3.7806 0.0000 219.8802 224.5681 342.0485 1.3698 1.5382 3.7284 -7.3094 1.8606 9.3354 3.1163 10.1009
Car -1 -1 -1.6813 640.3331 183.8615 676.0985 211.2289 1.5407 1.6681 4.0065 2.9082 1.4656 42.5025 -1.6130 7.1125
Car -1 -1 -1.7153 670.7401 181.9210 732.4751 228.0142 1.4553 1.5606 3.6571 3.0852 1.3524 24.5353 -1.5902 7.0230
Car -1 -1 3.9020 0.0000 231.3048 92.3062 375.0000 1.3858 1.5036 3.9984 -7.4685 1.8769 6.7343 3.0650 6.5241
Car -1 -1 -1.6642 651.7818 181.9011 691.0261 212.5308 1.4807 1.6191 4.0270 3.1698 1.3216 36.7675 -1.5782 5.9457
Car -1 -1 1.6842 511.5174 187.2034 539.8903 209.1599 1.4892 1.5761 3.8628 -5.8076 1.6368 51.0353 1.5709 3.4542
Car -1 -1 1.7134 486.4410 188.0732 522.9110 213.3417 1.4736 1.6604 4.1569 -6.3495 1.6598 44.4685 1.5716 1.3253
Car -1 -1 -1.7901 627.8314 180.1150 666.8807 206.6073 1.6514 1.6953 4.0615 2.5128 1.3346 46.9491 -1.7366 -1.2940
