Car -1 -1 -1.8612 711.4808 185.8902 871.2940 281.3335 1.4586 1.6474 4.1095 3.0782 1.4740 13.1117 -1.6306 13.3713
Car -1 -1 3.6047 51.7584 186.4041 335.5724 288.6617 1.7152 1.7601 4.1213 -7.3814 1.7396 13.0614 3.0903 13.1174
Car -1 -1 3.6587 0.0000 203.6523 262.0099 316.3262 1.4597 1.5204 3.3162 -7.1179 1.7527 10.4887 3.0625 12.5925
Car -1 -1 -2.1189 861.7909 190.5050 1240.0000 375.0000 1.4739 1.6107 3.6930 3.1591 1.5257 5.0238 -1.5575 12.4440
Car -1 -1 -1.7280 673.2588 184.1766 752.2582 238.6166 1.4050 1.5765 4.2039 2.8608 1.3793 20.6655 -1.5904 12.3791
Car -1 -1 -1.6832 655.7915 180.6465 706.5593 221.4843 1.5089 1.5731 3.7402 2.8015 1.3412 28.4373 -1.5850 10.2480
Car -1 -1 -2.8133 294.6525 190.7840 428.1027 240.5747 1.4746 1.5801 3.5918 -7.5974 1.6542 22.2535 -3.1423 9.5415
Car -1 -1 3.5038 204.5519 194.2417 406.2226 263.6230 1.5200 1.6137 4.0484 -7.0106 1.7436 16.8428 3.1094 9.4155
Car -1 -1 -1.5762 493.9960 181.4894 519.0362 205.6611 1.7542 1.8043 3.9783 -7.6716 1.4849 54.2659 -1.7166 5.1496
Car -1 -1 0.7246 394.9775 187.2827 485.1337 222.8197 1.5112 1.6087 3.8544 -7.6011 1.6101 32.3751 0.4939 2.4362
Car -1 -1 -1.3924 441.2189 186.4691 489.6569 218.9387 1.4950 1.6564 3.9371 -6.9409 1.5610 35.2289 -1.5870 0.5474
Car -1 -1 1.8406 508.0131 182.8769 539.5540 201.3582 1.4647 1.5990 3.8706 -6.8674 1.2805 59.0039 1.7248 0.0467
Car -1 -1 0.1748 453.5428 183.0659 515.8944 206.0659 1.6400 1.7265 4.2222 -8.9050 1.4878 52.1286 0.0056 -1.1041
