Car -1 -1 -1.8556 722.0555 178.1552 883.2297 281.1901 1.4764 1.5852 3.7610 3.0530 1.3764 12.2074 -1.6105 12.7761
Car -1 -1 3.6038 0.5719 182.3849 318.5709 294.4493 1.7135 1.7540 4.1818 -7.3259 1.6713 12.0380 3.0571 12.1315
Car -1 -1 3.7300 0.0000 199.6416 226.7515 323.8280 1.4596 1.5582 3.5207 -7.2899 1.6702 9.5421 3.0776 11.9226
Car -1 -1 -1.7295 677.0186 179.3430 761.3655 236.2057 1.3852 1.5834 4.3089 2.8800 1.2433 19.6731 -1.5842 10.8748
Car -1 -1 3.4525 282.0402 187.2845 421.0206 238.8285 1.4543 1.5769 3.5475 -7.5153 1.5188 21.1874 3.1116 9.9629
Car -1 -1 3.4900 167.4662 188.5659 390.8210 263.5896 1.5337 1.6720 4.1352 -7.1040 1.6129 15.7684 3.0667 9.9478
Car -1 -1 -1.6787 657.9558 174.9121 711.4894 217.0454 1.5045 1.6140 3.9428 2.8483 1.1377 27.6408 -1.5760 9.2436
Car -1 -1 -1.5505 493.2064 176.7548 517.6474 199.5458 1.6223 1.7144 3.8231 -7.5532 1.0212 53.1674 -1.6916 5.9580
Car -1 -1 -1.4088 443.4168 180.5303 488.1565 213.1530 1.5701 1.6336 3.8387 -7.1875 1.3457 36.5378 -1.6030 3.6473
Car -1 -1 -2.8328 328.7625 185.6207 453.9743 226.8440 1.4390 1.6275 4.0263 -7.7858 1.4552 25.9550 -3.1242 2.7934
Car -1 -1 -1.4494 644.9532 177.8019 684.5398 208.2115 1.4311 1.5530 3.4566 2.8390 1.0834 35.6755 -1.3700 2.2251
Car -1 -1 -1.2577 634.7929 179.0434 684.2077 206.8571 1.5320 1.6904 4.0855 3.0362 1.1932 41.8021 -1.1852 1.8215
Car -1 -1 -2.3514 273.0154 186.9024 423.9417 248.3885 1.4852 1.5735 3.7250 -6.8902 1.5343 18.9499 -2.7001 0.1494
