Car -1 -1 3.4395 309.7020 191.2650 438.2119 241.3442 1.5224 1.5917 3.5800 -7.4082 1.7229 22.8712 3.1262 14.2504
Car -1 -1 -1.9241 732.2332 189.3678 899.3713 290.9361 1.4751 1.5834 3.5845 3.3532 1.5588 12.4441 -1.6609 14.1438
Car -1 -1 -1.7170 678.7939 183.1979 749.8385 236.0198 1.4988 1.6186 3.8122 3.1704 1.4427 22.3042 -1.5758 13.4652
Car -1 -1 3.7224 0.0000 204.1234 253.2096 344.3715 1.5804 1.6243 3.7369 -6.8953 1.8496 9.2658 3.0826 11.5757
Car -1 -1 -1.9831 811.9584 201.9912 1160.5017 375.0000 1.4282 1.6055 3.9172 3.4032 1.6497 7.4703 -1.5556 10.4150
Car -1 -1 3.3919 362.0930 190.8720 468.3941 229.4070 1.4308 1.5546 3.6907 -7.4035 1.6564 27.7188 3.1309 9.3528
Car -1 -1 3.2342 380.3901 182.6584 479.1836 220.7427 1.5375 1.6017 3.8843 -7.4143 1.4354 30.0969 2.9927 8.9545
Car -1 -1 3.9225 0.0000 222.1433 75.6360 375.0000 1.4449 1.5895 4.0443 -7.2495 1.8104 6.1196 3.0528 8.7304
Car -1 -1 -1.7176 653.9909 183.0855 707.6288 220.4517 1.4680 1.6397 4.2094 2.9746 1.3854 30.3794 -1.6200 8.3345
Car -1 -1 -1.3965 463.4007 184.5703 504.2284 214.0802 1.5716 1.6091 3.8440 -6.9066 1.5384 40.2056 -1.5666 2.4218
Car -1 -1 -1.7919 478.8749 185.1164 516.4713 208.8570 1.4207 1.5646 3.6140 -6.9500 1.4158 44.9810 -1.9452 2.1641
Car -1 -1 -2.3975 467.1720 184.6746 528.1105 209.4872 1.6478 1.7151 4.0658 -7.6341 1.6130 49.5794 -2.5503 -0.5495
