Car -1 -1 -1.9430 782.3989 189.0888 1085.7968 373.6978 1.5461 1.6578 3.8429 3.1842 1.6009 8.0237 -1.5652 15.6698
Car -1 -1 -1.8266 696.3311 188.5035 813.2246 263.1073 1.4291 1.5808 3.7938 3.0521 1.5118 15.8833 -1.6368 12.1661
Car -1 -1 -1.7031 665.8551 187.5502 731.3749 235.5607 1.4273 1.5947 3.9963 2.8475 1.5115 23.5704 -1.5829 10.9389
Car -1 -1 3.5563 100.3402 206.7795 330.4313 293.0845 1.4423 1.5605 3.4225 -7.2084 1.8723 13.3798 3.0622 10.4798
Car -1 -1 3.5021 158.9465 189.9108 380.6100 275.1628 1.7564 1.7258 4.1016 -7.3826 1.8682 15.9292 3.0681 10.2999
Car -1 -1 3.4849 263.1080 196.7989 433.7121 256.5269 1.5446 1.6402 4.0921 -7.0651 1.8769 19.7262 3.1410 10.1838
Car -1 -1 -2.4140 0.0000 210.7976 192.6352 365.6279 1.6156 1.6001 3.6242 -7.3008 1.9538 8.6216 -3.1166 9.2528
Car -1 -1 -1.3624 384.8799 193.0276 453.2004 238.5906 1.4970 1.6696 3.7152 -6.8178 1.8031 26.1593 -1.6174 5.7621
Car -1 -1 -1.4661 499.8586 185.2001 524.5115 206.0537 1.6671 1.6280 3.8522 -7.8790 1.6669 59.4099 -1.5979 4.8446
Car -1 -1 -1.7723 634.1176 184.6346 677.3724 213.0792 1.4977 1.6383 3.8966 2.5797 1.4683 39.8887 -1.7077 2.9485
Car -1 -1 -1.2553 476.1237 188.6488 518.4689 213.5900 1.4927 1.5784 3.7090 -6.9690 1.7206 45.5175 -1.4072 -1.0840
