Car -1 -1 1.6338 648.5933 176.2405 692.3105 217.7339 1.7534 1.7190 4.0207 2.8560 1.3753 32.4897 1.7215 13.8822
Car -1 -1 1.3750 807.1532 185.9813 941.5106 275.0689 1.4246 1.5782 4.0092 4.8085 1.4425 13.6242 1.7143 12.7791
Car -1 -1 -1.8399 864.8763 187.5652 1144.8356 368.6538 1.4441 1.5908 3.6152 3.8293 1.4767 7.7049 -1.3786 12.3661
Car -1 -1 -1.5556 784.3661 178.8646 826.7605 217.7732 1.5132 1.6022 3.5729 8.2092 1.2673 29.8919 -1.2876 10.8324
Car -1 -1 1.5781 724.0890 181.5415 744.3817 200.6433 1.5178 1.5919 3.9192 10.4119 1.2270 59.1879 1.7522 4.7865
Car -1 -1 2.2925 664.8229 183.4566 727.2822 210.2422 1.4853 1.5822 3.6419 5.1169 1.3889 41.6580 2.4147 2.8419
Car -1 -1 -1.6458 773.0506 179.7405 813.4873 212.9076 1.5210 1.6066 3.9251 8.9513 1.2710 35.0339 -1.3956 2.7316
Car -1 -1 -1.5172 700.1050 183.3029 726.0784 205.3598 1.4631 1.5807 3.7145 7.2858 1.3373 49.6559 -1.3716 1.8342
Car -1 -1 1.5925 718.6119 182.4063 740.8836 202.0830 1.4637 1.6130 4.0617 9.4510 1.2558 55.6158 1.7608 1.4653
Car -1 -1 1.5097 631.6244 180.6640 665.7117 210.5449 1.6192 1.6816 4.1521 2.2585 1.3737 41.0310 1.5647 -1.2306
