Car -1 -1 1.3635 747.7598 183.0571 872.1423 264.4353 1.4540 1.6268 4.0750 3.9689 1.4165 14.9174 1.6235 12.8118
Car -1 -1 1.6885 606.4629 175.3845 651.7263 214.3861 1.7203 1.6801 3.8826 1.0249 1.2878 33.7471 1.7189 11.8633
Car -1 -1 -1.5987 735.3485 179.4206 774.9353 215.6976 1.4907 1.5839 3.6982 6.3685 1.2537 31.4924 -1.3991 10.8048
Car -1 -1 1.3738 797.1427 178.2914 1003.5831 337.9947 1.5569 1.6040 3.5040 3.2886 1.4905 8.8605 1.7292 10.0146
Car -1 -1 1.6305 675.6915 179.6326 697.5030 197.7723 1.4805 1.5997 3.9867 6.6803 1.0259 60.7646 1.7400 5.1139
Car -1 -1 -1.5681 725.8463 179.3912 759.6564 210.6030 1.4953 1.5986 3.6448 6.7984 1.2174 36.3737 -1.3834 2.1523
Car -1 -1 1.2902 686.3488 182.2338 714.1988 198.7678 1.4818 1.5855 3.6911 8.5010 1.2157 66.3663 1.4176 1.4281
Car -1 -1 1.6275 671.3268 183.9303 694.9858 204.1196 1.4391 1.5419 3.5514 5.5797 1.3486 53.1116 1.7321 1.1889
Car -1 -1 1.4826 643.0717 182.4094 674.5299 208.6683 1.5044 1.5603 3.5666 2.9871 1.3447 42.9776 1.5520 1.1257
Car -1 -1 1.4333 671.4129 182.3504 703.5143 205.2388 1.4465 1.5947 3.7450 5.1833 1.2666 47.3212 1.5424 1.0526
Car -1 -1 -1.9020 712.4221 182.9645 761.4528 210.9491 1.4810 1.5706 3.6574 7.0968 1.3630 39.9670 -1.7263 -0.7696
