Car -1 -1 -1.8639 913.2650 185.2210 1240.0000 375.0000 1.5121 1.6016 3.5437 4.0866 1.5133 6.9734 -1.3338 13.9357
Car -1 -1 -1.8053 842.8974 188.0937 1002.0321 282.3162 1.3935 1.6169 4.2501 5.3922 1.4555 12.9896 -1.4118 12.9378
Car -1 -1 -1.6368 814.4673 179.3063 861.8572 218.4831 1.4826 1.5816 3.6080 9.2406 1.2601 29.1419 -1.3297 10.2280
Car -1 -1 1.7157 674.4453 176.2099 725.5113 217.4537 1.7060 1.7127 3.7722 4.0985 1.3346 31.7773 1.8440 10.0028
Car -1 -1 -1.4515 746.2862 182.0073 770.9681 200.5777 1.4552 1.5573 3.4600 12.2283 1.2049 58.2148 -1.2445 3.8307
Car -1 -1 -1.6378 803.0499 179.7235 843.3677 212.3427 1.4594 1.5752 3.7773 10.1537 1.2148 34.1732 -1.3490 3.7288
Car -1 -1 1.7736 691.0967 184.1740 732.3222 212.5019 1.5271 1.6124 3.6449 5.9046 1.4721 40.7357 1.9175 1.9444
Car -1 -1 0.3139 751.9931 181.3188 809.8680 200.6165 1.4404 1.6043 4.0373 13.3133 1.1507 55.3912 0.5498 1.5588
Car -1 -1 1.2624 937.0219 197.0425 1002.8808 233.3044 1.4210 1.5469 3.5295 15.6232 1.9668 31.2436 1.7261 0.3473
Car -1 -1 -2.4932 759.8171 180.0108 799.3786 195.3969 1.4586 1.5660 3.5122 16.7045 0.9663 69.9955 -2.2590 -0.2086
