Car -1 -1 -1.7140 684.1776 173.9480 781.8026 251.5697 1.5307 1.6065 3.5845 2.6144 1.3097 15.9795 -1.5518 15.4788
Car -1 -1 -1.6724 647.4105 170.7766 705.9913 219.0709 1.5326 1.6042 3.8575 2.2550 1.0755 24.7461 -1.5816 13.4056
Car -1 -1 1.6458 563.1424 169.9474 591.7950 194.8748 1.6272 1.6686 3.7775 -2.0424 0.6316 48.8362 1.6040 6.5749
Car -1 -1 -2.1951 1015.7327 104.3520 1240.0000 250.4804 2.5204 1.9798 5.7938 11.2518 1.1268 15.3014 -1.5611 6.4811
Car -1 -1 -1.6814 644.4365 168.6826 695.4198 209.8145 1.6484 1.7225 4.1108 2.5636 0.9869 30.8834 -1.5986 4.5135
Car -1 -1 1.7753 572.7935 174.3974 600.3964 193.5345 1.5015 1.5710 3.4386 -1.6986 0.6538 58.2285 1.7462 1.4900
Car -1 -1 1.4025 599.1062 174.8401 622.7759 191.1987 1.5068 1.6226 3.8371 0.2669 0.5522 68.2349 1.4065 -0.2809
Car -1 -1 -0.4067 726.7820 181.0567 835.1606 220.3397 1.5643 1.6483 4.0428 7.1053 1.3998 29.7811 -0.1725 -0.2971
Car -1 -1 -1.7562 734.6634 173.5330 794.6495 219.9855 1.9249 1.7714 4.6586 6.8819 1.4419 32.1353 -1.5453 -0.5216
Car -1 -1 -1.8454 655.6150 179.0590 723.3531 222.0980 1.5119 1.5945 3.6715 2.9741 1.2968 27.1912 -1.7365 -1.0303
