Car -1 -1 1.7291 556.6284 179.3002 600.0605 213.7590 1.6777 1.6386 3.9238 -1.4906 1.3908 37.0397 1.6889 12.7985
Car -1 -1 -1.7110 700.3509 178.7383 826.0763 282.1765 1.5612 1.6155 3.7409 2.5427 1.4645 12.7587 -1.5143 12.6272
Car -1 -1 -1.7283 677.5405 184.6153 764.8077 245.5852 1.4242 1.6256 3.8804 2.7942 1.4113 18.7363 -1.5803 8.6981
Car -1 -1 1.6931 622.3951 183.0572 645.7215 200.4099 1.5096 1.6214 4.0043 2.3858 1.3229 64.6369 1.7300 6.3007
Car -1 -1 -1.6867 667.4998 182.9205 708.3110 215.4010 1.5093 1.5766 3.5290 3.8395 1.4038 35.1709 -1.5780 4.9941
Car -1 -1 2.1967 561.1145 184.7740 614.8936 209.3404 1.4843 1.5769 3.6117 -1.2318 1.4587 45.3649 2.1696 4.7102
Car -1 -1 -2.1909 858.5150 187.5206 1240.0000 375.0000 1.4443 1.5739 3.9445 2.7381 1.4639 3.7983 -1.5663 4.3286
Car -1 -1 1.7239 596.9919 184.5586 626.4844 205.6090 1.4798 1.6084 3.7085 0.3069 1.4347 52.4880 1.7298 3.7982
Car -1 -1 -1.6647 658.4671 183.8201 693.8946 212.2115 1.5228 1.6285 3.7680 3.7749 1.4491 40.4386 -1.5716 -0.0862
Car -1 -1 1.7291 614.8428 185.0382 640.0106 202.7088 1.4593 1.6016 3.5811 1.6930 1.4458 61.2712 1.7567 -1.2561
Car -1 -1 -1.7826 769.0418 182.8285 870.9301 248.3790 1.6278 1.7883 4.5273 5.7461 1.5697 20.1650 -1.5050 -1.2865
