Car -1 -1 1.6610 833.3359 173.7064 887.1936 221.0300 1.7335 1.6683 3.8776 10.0062 1.3130 28.4385 1.9993 12.2632
Car -1 -1 -1.6849 999.7714 176.3091 1068.1999 222.8862 1.4747 1.6007 3.7038 14.5549 1.1939 24.7741 -1.1537 9.9677
Car -1 -1 1.3066 928.2089 174.4939 961.1813 191.6832 1.4819 1.6343 4.1396 30.0100 0.5587 64.1494 1.7441 5.4653
Car -1 -1 1.3604 876.3838 181.7778 925.1824 213.4398 1.5180 1.5631 3.5774 14.7260 1.3543 36.3573 1.7452 4.2055
Car -1 -1 1.3553 900.4366 179.8298 936.3578 200.7587 1.4822 1.5952 4.0599 22.8545 1.1019 53.0504 1.7621 3.6389
Car -1 -1 -1.5924 986.2746 176.8595 1035.5214 216.8193 1.5174 1.6542 4.0837 16.4296 1.2013 29.4858 -1.0840 1.6243
Car -1 -1 1.1384 933.1248 178.8379 976.0408 198.0535 1.4915 1.6229 3.8808 27.7900 0.9976 57.7469 1.5870 1.4279
Car -1 -1 -1.9620 1056.3533 182.4814 1240.0000 316.8390 1.5049 1.6617 4.2487 8.0393 1.4754 10.3172 -1.3001 0.6427
Car -1 -1 -1.9781 1043.1771 182.2999 1128.3513 219.9183 1.4705 1.6085 3.7319 19.8467 1.3576 30.0737 -1.3948 0.4855
Car -1 -1 -1.4210 881.8371 181.8049 919.3829 206.3681 1.3678 1.5117 3.5938 17.0972 1.1790 41.9563 -1.0341 -0.0260
