Car -1 -1 -1.7243 701.5091 191.6952 835.5254 300.8720 1.4617 1.5433 3.4300 2.3763 1.5830 11.5792 -1.5219 18.5860
Car -1 -1 -1.6957 664.7789 185.1972 725.2028 232.4448 1.5244 1.6436 3.4740 2.9130 1.5249 24.9331 -1.5794 14.6027
Car -1 -1 -1.5161 573.9421 182.7147 604.4906 209.0409 1.5231 1.6446 3.8124 -1.1082 1.3795 43.5151 -1.5416 9.0988
Car -1 -1 -1.2132 197.9724 93.7630 515.7670 357.5992 2.4877 1.9825 5.5202 -2.8114 1.6265 9.5992 -1.4981 7.4045
Car -1 -1 1.7775 356.4072 91.7828 640.1967 372.3173 2.4260 2.1615 6.0514 -0.9050 1.6192 9.3389 1.6809 3.3621
Car -1 -1 -1.8035 641.2965 189.0077 682.5447 215.6840 1.4759 1.6028 3.6898 3.1099 1.7103 42.2714 -1.7301 0.8512
Car -1 -1 1.6825 623.7582 189.1362 648.4196 207.7207 1.4844 1.6142 4.2554 2.4092 1.8280 60.5758 1.7222 0.2418
Car -1 -1 -1.4007 583.2331 183.5365 616.5799 206.6946 1.4789 1.5972 3.8420 -0.5047 1.3728 47.9259 -1.4112 0.1214
Car -1 -1 -1.3955 585.7591 187.1071 616.1686 208.6898 1.5009 1.5840 3.7575 -0.4769 1.6449 52.3192 -1.4047 -0.2174
Car -1 -1 -0.3481 824.0221 167.8814 923.9633 200.6474 1.8217 1.8253 5.0074 15.0521 0.8591 40.8867 0.0047 -1.3441
