Car -1 -1 -1.7605 730.6526 181.4714 888.9083 298.5859 1.4602 1.5538 3.7067 2.7919 1.4146 10.8569 -1.5088 14.1474
Car -1 -1 1.7097 570.4665 173.6104 614.5864 210.3069 1.7057 1.6904 3.5473 -0.7286 1.1674 35.2712 1.6891 11.6988
Car -1 -1 -1.5927 694.7773 176.1248 731.4443 210.2718 1.4971 1.5953 3.9225 4.8326 1.0996 33.5553 -1.4497 10.4425
Car -1 -1 -1.7441 698.8066 180.4608 805.3117 249.7765 1.4194 1.6712 4.4267 3.1899 1.3231 16.9403 -1.5579 9.6420
Car -1 -1 1.6587 637.5828 175.7148 659.5575 194.5873 1.5915 1.5888 3.7540 3.5696 0.7914 62.5902 1.7156 8.1458
Car -1 -1 -2.2814 1008.0946 203.9553 1240.0000 375.0000 1.4639 1.5641 3.6914 2.6927 1.5730 2.1847 -1.3922 6.5790
Car -1 -1 -1.4296 612.1052 179.8460 641.7294 200.6063 1.4053 1.5728 3.7745 1.3656 1.0430 50.6504 -1.4026 4.5574
Car -1 -1 1.7534 588.9289 179.0085 624.2406 203.8543 1.4837 1.5812 3.5707 -0.0582 1.1142 44.8223 1.7521 3.3361
Car -1 -1 -1.6863 676.1567 178.6014 714.9999 207.0081 1.4560 1.6314 3.9035 4.6579 1.1181 38.7968 -1.5668 1.9926
Car -1 -1 -1.3765 574.3432 173.3253 608.2347 196.4535 1.5689 1.6430 4.0864 -1.1423 0.7635 50.9139 -1.3989 -0.1555
Car -1 -1 1.4908 653.2619 179.1300 672.5954 194.9619 1.5065 1.5797 3.8393 5.3670 0.9285 70.3225 1.5670 -0.5829
