Car -1 -1 -1.6460 895.2515 178.5140 949.2134 220.1167 1.4569 1.5808 3.6968 11.7764 1.2234 27.1762 -1.2371 12.9131
Car -1 -1 -1.8455 930.6148 186.9327 1125.3394 293.5826 1.4092 1.6100 4.1310 6.5290 1.4437 11.7606 -1.3387 10.0246
Car -1 -1 1.6865 743.5437 175.2620 796.3327 218.8295 1.7106 1.7228 4.0501 6.8868 1.3209 30.4169 1.9091 9.5872
Car -1 -1 -1.9480 1045.4796 189.6070 1240.0000 375.0000 1.4776 1.5986 3.7868 4.7794 1.5257 5.6366 -1.2447 8.8304
Car -1 -1 1.4332 818.5142 180.8063 846.6695 200.6894 1.4912 1.5716 3.8512 17.4410 1.1616 55.9379 1.7354 3.9745
Car -1 -1 1.3177 779.7756 181.9727 826.3138 211.3556 1.5298 1.6062 3.5364 10.5635 1.3621 39.1997 1.5810 3.5551
Car -1 -1 -1.5785 882.4765 180.2748 922.8786 214.9530 1.4514 1.5793 3.8490 13.1329 1.2457 32.1628 -1.1909 2.1209
Car -1 -1 1.2488 842.1115 176.2760 873.2742 192.9712 1.5289 1.6199 3.9000 23.5202 0.7113 67.7856 1.5828 1.9133
Car -1 -1 -0.0865 737.5136 177.4902 817.2778 207.3715 1.7146 1.7618 4.4428 9.9222 1.2725 42.4344 0.1432 0.9812
Car -1 -1 -1.8719 812.3840 179.1855 860.3458 205.3859 1.4727 1.5889 3.9373 13.3843 1.1348 42.3737 -1.5659 -1.0007
