Car -1 -1 -1.6670 685.2006 176.0393 785.2183 262.0580 1.5111 1.6018 3.5971 2.3895 1.3510 14.4728 -1.5034 14.3744
Car -1 -1 -1.9877 789.3425 186.4268 1225.7867 375.0000 1.4759 1.5455 3.5527 2.6107 1.4898 5.7631 -1.5623 10.5781
Car -1 -1 1.6587 554.0082 176.0239 591.9869 207.9845 1.6374 1.7184 3.8181 -1.8547 1.1676 38.7669 1.6109 10.3559
Car -1 -1 -1.6997 666.6288 176.2004 745.9710 235.8022 1.5335 1.6976 4.1485 2.6615 1.3027 20.5660 -1.5710 5.7419
Car -1 -1 1.5529 616.1342 177.0411 635.0289 194.6455 1.5738 1.6646 4.0347 1.6092 0.8442 66.2851 1.5772 5.2207
Car -1 -1 -1.6291 662.8960 177.4685 698.3636 207.9659 1.4983 1.6019 3.7220 3.6947 1.1189 37.2059 -1.5301 4.5209
Car -1 -1 -1.8051 752.2271 181.6049 846.0957 241.4200 1.6585 1.7747 4.4724 5.7171 1.5595 22.1797 -1.5528 1.2191
Car -1 -1 1.6122 570.2226 179.6473 596.8168 205.8908 1.6554 1.5971 3.6284 -1.5797 1.3053 47.1614 1.5787 0.4682
Car -1 -1 -1.4828 654.8002 174.8271 688.8168 201.1479 1.4738 1.6474 4.0852 3.7961 0.8932 42.4042 -1.3935 0.1210
Car -1 -1 1.6655 519.2121 179.9359 554.3165 208.1868 1.7918 1.8742 4.9867 -4.7105 1.4581 48.0862 1.5678 -0.9434
Car -1 -1 -1.8836 795.3259 197.4629 917.0627 272.3805 1.5560 1.6621 3.8392 5.8343 1.8879 17.4838 -1.5615 -1.2134
