Car -1 -1 -1.7149 645.1988 186.4673 727.1758 247.1562 1.4809 1.6435 3.9538 1.9871 1.5197 19.6307 -1.6140 15.4545
Car -1 -1 -1.9252 734.7801 204.1481 1052.7555 375.0000 1.5082 1.5746 3.3359 2.2665 1.7316 6.7438 -1.6009 11.6266
Car -1 -1 -1.2656 115.4937 194.7040 487.6876 375.0000 1.5014 1.6644 4.2056 -2.2539 1.6158 6.4526 -1.6016 10.9508
Car -1 -1 -1.4675 489.5288 178.9362 549.9148 230.5619 1.5644 1.6075 3.5245 -2.8520 1.3752 23.5548 -1.5880 9.2083
Car -1 -1 -1.4422 457.6147 180.9665 537.3385 243.8533 1.4947 1.6188 3.5774 -2.8431 1.3948 18.8870 -1.5916 6.0211
Car -1 -1 -0.2136 709.1770 182.9047 780.2519 206.9418 1.4947 1.6598 4.1682 8.6227 1.3521 45.5821 -0.0267 4.2197
Car -1 -1 2.2629 0.0000 206.2891 278.3006 375.0000 1.5357 1.5941 3.7359 -2.4298 1.6571 2.1308 1.4120 2.9170
Car -1 -1 -1.6031 617.6458 181.3808 643.8491 204.1548 1.5019 1.6606 4.2114 1.5242 1.2501 49.5110 -1.5723 1.8558
Car -1 -1 -1.4105 474.0723 185.0459 510.7558 211.2839 1.5228 1.6218 3.7369 -6.9722 1.5140 43.5857 -1.5691 1.0734
Car -1 -1 -1.7830 733.7764 180.7269 779.4963 210.8097 1.5963 1.6778 4.0397 8.2279 1.3593 40.1703 -1.5810 -1.2151
