Car -1 -1 -1.4185 451.9184 182.8907 546.8296 259.9897 1.5932 1.6191 3.7835 -2.4481 1.5463 16.7488 -1.5636 14.5923
Car -1 -1 -1.6793 662.4111 191.0698 724.3261 243.5049 1.4968 1.5684 3.2008 2.5662 1.6941 22.4791 -1.5656 12.5830
Car -1 -1 -1.2254 133.1349 194.3113 472.8349 375.0000 1.5673 1.5867 3.5794 -2.3954 1.6737 6.5173 -1.5776 9.5137
Car -1 -1 -0.4455 783.3550 183.3540 892.7841 222.6709 1.5024 1.6059 3.8156 9.0616 1.4324 28.5232 -0.1379 8.7722
Car -1 -1 -1.6203 647.3411 186.7131 687.1888 221.1374 1.4431 1.5845 3.6586 2.5753 1.5151 32.1457 -1.5404 8.2785
Car -1 -1 -2.2663 826.0137 193.0289 1240.0000 375.0000 1.6152 1.6435 4.0382 2.4069 1.6728 3.1424 -1.6126 7.2234
Car -1 -1 -1.4880 494.7494 188.3598 559.3197 243.4836 1.5353 1.6530 4.1331 -2.4580 1.6433 22.3433 -1.5976 6.9612
Car -1 -1 -1.6574 667.1852 189.0148 693.1313 209.5416 1.4205 1.5604 3.6527 5.2116 1.7075 52.2578 -1.5580 2.4544
Car -1 -1 -0.5164 624.8446 182.8812 681.3221 203.0559 1.4696 1.6321 3.9392 3.3899 1.3007 53.9566 -0.4537 1.2759
Car -1 -1 -1.7795 627.1790 182.8706 669.6608 209.5090 1.4934 1.6755 4.1344 2.3193 1.3630 42.4673 -1.7249 -0.1561
