Car -1 -1 -1.3697 335.4419 189.0236 499.6603 321.9362 1.4430 1.4792 3.0289 -2.3735 1.5023 9.4356 -1.6161 15.3224
Car -1 -1 -1.7559 680.4861 188.1450 794.7515 274.9774 1.5007 1.5845 3.4513 2.3953 1.5671 14.2780 -1.5897 14.5556
Car -1 -1 -1.8014 724.3131 199.6293 941.6540 355.9799 1.4129 1.5790 3.8503 2.4117 1.6298 8.8051 -1.5341 13.6101
Car -1 -1 -1.6873 641.5497 183.0552 698.3913 226.0919 1.5059 1.6514 4.2014 2.2407 1.4315 27.2784 -1.6053 13.3368
Car -1 -1 -1.4579 437.4124 185.3764 545.0435 271.1598 1.4578 1.6365 4.1258 -2.2130 1.4626 14.3146 -1.6113 11.2097
Car -1 -1 -1.4675 510.9656 181.3652 564.6052 225.1355 1.5034 1.6091 3.5359 -2.5495 1.3723 26.4614 -1.5636 8.9666
Car -1 -1 -1.5440 688.7618 207.3779 731.5614 250.2091 1.4873 1.5979 3.6608 4.1254 2.4394 28.9035 -1.4022 2.8203
Car -1 -1 -3.8562 991.2439 134.8811 1217.5993 219.1002 2.5517 2.2004 6.0678 15.8840 1.0278 23.2166 -3.2562 1.3330
Car -1 -1 -2.2811 512.7048 179.8436 581.3317 207.5340 1.4927 1.6575 4.0105 -3.5094 1.2042 40.7425 -2.3670 0.3463
Car -1 -1 -1.6319 643.6496 182.5548 671.2132 205.8743 1.5041 1.6100 3.7992 3.2770 1.3336 48.2661 -1.5641 0.2577
