Car -1 -1 -1.3516 293.4680 187.0808 511.0862 343.9166 1.4461 1.6093 4.0001 -2.2338 1.4751 8.6975 -1.6030 12.8047
Car -1 -1 -1.8694 713.8650 195.6293 940.3471 350.7543 1.4347 1.5576 3.4543 2.3153 1.5864 8.6347 -1.6074 12.5694
Car -1 -1 -1.1191 0.0000 194.1681 389.0041 375.0000 1.4174 1.5266 3.5823 -2.3565 1.4891 3.8062 -1.6735 10.9656
Car -1 -1 -2.2105 837.3310 214.1688 1240.0000 375.0000 1.4373 1.5769 3.7199 2.3862 1.6454 3.2685 -1.5799 10.8388
Car -1 -1 -1.7084 645.4364 182.7122 719.4530 236.9965 1.4732 1.6386 4.0678 2.0957 1.4064 21.5712 -1.6115 10.3432
Car -1 -1 -1.4322 476.3835 178.4157 551.0226 234.6038 1.4884 1.6298 3.9259 -2.6914 1.3094 21.0100 -1.5596 9.9811
Car -1 -1 -1.4418 499.6721 174.9721 560.0225 225.0473 1.6318 1.6594 3.5600 -2.6999 1.2991 25.2190 -1.5484 6.7634
Car -1 -1 -1.7278 702.2027 178.6102 734.9265 203.7561 1.6236 1.6317 3.5122 7.3640 1.1982 48.1716 -1.5761 3.7998
Car -1 -1 -1.6349 628.4122 182.9152 658.7465 208.3083 1.3999 1.5078 3.6615 2.0009 1.2742 41.4690 -1.5867 1.3184
Car -1 -1 -2.6160 500.8776 175.6687 580.5827 205.7386 1.6283 1.7347 4.1732 -3.8173 1.1125 40.5843 -2.7098 1.2125
