Car -1 -1 -1.8317 749.8246 193.3829 971.8135 354.1405 1.5536 1.6182 3.7064 2.8331 1.6787 9.0217 -1.5274 13.4911
Car -1 -1 -1.8100 678.6861 184.7964 746.0125 224.9976 1.4232 1.5929 4.1825 3.8850 1.4095 27.6051 -1.6702 11.0744
Car -1 -1 2.5801 946.2260 191.6744 1202.1229 265.9371 1.4378 1.6425 4.2298 9.4677 1.5803 14.8906 3.1465 9.7276
Car -1 -1 3.3456 395.3218 173.9278 484.5496 211.6233 1.7573 1.6867 3.8985 -8.0093 1.2322 34.3997 3.1168 6.5401
Car -1 -1 -1.1884 284.5720 172.1537 330.7773 197.9618 1.6591 1.6144 3.6241 -20.0151 0.8205 48.0300 -1.5832 5.3139
Car -1 -1 -2.6971 513.4952 177.3627 600.2723 210.5416 1.4858 1.6078 3.7179 -2.4083 1.1353 33.6135 -2.7686 5.3009
Car -1 -1 0.8965 801.7292 195.7198 930.4824 250.0342 1.4466 1.6173 3.9082 7.7491 1.8011 22.0697 1.2342 0.5126
Car -1 -1 -1.8730 716.7264 171.9674 773.1310 210.4289 2.2132 1.9316 5.1572 8.2818 1.4520 44.0341 -1.6871 0.1059
Car -1 -1 -2.8903 392.9342 163.6750 501.6899 206.6222 2.2494 1.9107 5.4090 -8.6001 1.1223 38.6895 -3.1090 -0.7985
Car -1 -1 -1.4297 479.4684 158.1044 531.9826 203.5598 2.3721 2.0906 6.0980 -5.6745 0.9584 40.5614 -1.5687 -0.8737
