Car -1 -1 -1.7560 736.3336 187.0872 899.8645 313.1120 1.5311 1.6100 3.6247 2.8543 1.5648 10.6537 -1.4942 17.2527
Car -1 -1 -1.7937 678.6068 179.8939 738.1858 216.9513 1.4066 1.5583 3.9350 3.9885 1.2057 29.3094 -1.6585 12.4029
Car -1 -1 2.6088 924.0535 182.8785 1157.4652 247.9931 1.4249 1.6577 4.3766 9.7943 1.3749 16.5585 3.1430 10.1321
Car -1 -1 3.3591 408.5302 169.6303 489.5148 202.5762 1.6178 1.6449 3.7070 -7.9616 0.8536 36.1180 3.1422 6.7718
Car -1 -1 -3.1906 523.1202 154.3307 637.9372 203.1643 2.6673 2.2902 6.3200 -1.6056 0.9815 40.6802 -3.2301 2.6633
Car -1 -1 -0.6226 1035.7021 189.9138 1178.2805 235.9257 1.4637 1.5961 3.6431 16.4600 1.6262 23.8656 -0.0189 0.6104
Car -1 -1 -1.8132 641.0389 176.7626 705.6458 217.6669 1.5354 1.6753 3.9997 2.5338 1.2192 29.0841 -1.7263 0.2258
Car -1 -1 3.5372 263.8539 170.8385 329.3981 193.6563 1.4616 1.5791 3.5911 -20.2675 0.5418 46.8556 3.1289 0.1771
Car -1 -1 2.6536 944.5483 198.1348 1240.0000 315.6267 1.3703 1.5570 3.7865 6.7037 1.5621 9.6029 3.2631 0.1762
Car -1 -1 3.3764 268.7341 168.8294 331.7148 193.8563 1.6598 1.6650 3.6448 -20.8496 0.5742 48.7968 2.9726 0.1470
Car -1 -1 -1.4026 329.0475 161.0499 384.8265 197.5158 1.5181 1.6804 4.1436 -11.1531 0.5132 32.1043 -1.7369 -0.7948
