Car -1 -1 -1.7976 743.2626 187.9554 934.3304 326.3585 1.5241 1.6285 3.6261 2.8656 1.5699 9.8421 -1.5142 13.3232
Car -1 -1 -1.8078 677.6539 183.5148 741.1005 222.2762 1.4238 1.5748 4.0046 3.9037 1.3625 28.4735 -1.6715 11.2704
Car -1 -1 2.5813 941.7876 185.9596 1187.2191 257.9413 1.4975 1.6693 4.3399 9.8581 1.5158 15.8090 3.1388 9.8700
Car -1 -1 -2.7116 509.8163 177.8672 596.8630 208.1032 1.3965 1.5396 3.8894 -2.6488 1.0582 34.5923 -2.7880 8.7391
Car -1 -1 -1.7915 644.1949 183.7016 705.8308 222.7581 1.4188 1.5885 3.8040 2.5150 1.3649 28.0992 -1.7023 1.8216
Car -1 -1 -2.4842 0.0000 162.8496 80.4662 192.8209 1.4834 1.5878 3.8880 -29.2773 0.3775 36.4075 -3.1615 1.4008
Car -1 -1 -3.0419 395.1957 157.3178 509.2778 204.6596 2.5135 2.0994 5.9531 -8.4743 1.0335 39.5369 -3.2531 1.1918
Car -1 -1 -1.9048 829.0392 152.3358 928.5786 206.5118 1.9121 1.9715 5.2958 10.3496 0.7528 28.0346 -1.5512 0.0083
Car -1 -1 3.3776 407.4122 173.7795 493.0159 205.1776 1.5045 1.6262 3.8330 -7.7222 0.9577 35.2949 3.1622 -0.6480
Car -1 -1 1.2747 784.8416 190.3366 876.6196 243.7184 1.5575 1.6438 4.3658 7.1325 1.7421 23.5734 1.5685 -0.7483
