Car -1 -1 -1.8602 526.9446 185.9833 649.6147 263.5072 1.5063 1.6382 4.0235 -0.6256 1.5270 16.1748 -1.8988 14.4291
Car -1 -1 -0.8976 972.0319 205.0910 1214.1301 303.4845 1.4386 1.5538 3.5761 8.2284 1.8156 12.3078 -0.3083 7.2561
Car -1 -1 1.5804 457.5020 181.0968 483.0026 204.3849 1.4441 1.5582 3.5614 -8.8933 1.1898 46.4624 1.3913 5.7907
Car -1 -1 -0.9593 1182.8160 204.3647 1240.0000 293.3376 1.4702 1.6290 4.0790 13.2928 1.8637 13.5531 -0.1836 4.8812
Car -1 -1 -1.8083 499.5604 181.1293 578.2652 233.9207 1.5621 1.6396 3.9840 -2.3726 1.4423 23.4182 -1.9093 3.4985
Car -1 -1 1.6808 355.0887 172.0181 397.4931 205.8014 1.6930 1.6950 4.2250 -12.2843 1.0327 38.2593 1.3701 3.1626
Car -1 -1 -1.5199 441.9830 176.9460 462.3703 193.9225 1.4615 1.5852 3.7106 -13.8000 0.7507 63.8418 -1.7328 3.0024
Car -1 -1 1.7436 460.5739 183.4447 494.8167 205.8409 1.4874 1.6628 4.0487 -8.9772 1.3709 49.7652 1.5651 2.0318
Car -1 -1 1.8618 370.1941 175.6504 409.7911 198.5361 1.5873 1.6672 3.9616 -15.6688 0.9250 51.8368 1.5683 0.4138
Car -1 -1 -1.4358 367.2070 178.7216 403.9592 204.0932 1.4751 1.6283 3.9440 -13.5321 1.0987 43.8694 -1.7350 -1.2361
