Car -1 -1 -1.4301 582.8012 170.0340 649.1848 222.5534 1.6654 1.7474 4.0520 0.3315 1.1851 24.9276 -1.4168 15.0777
Car -1 -1 -1.7689 790.6492 186.4562 973.4912 323.2078 1.4924 1.5775 3.4306 3.4141 1.5134 9.6831 -1.4300 14.4122
Car -1 -1 -1.6779 732.6371 174.3441 798.6846 226.4829 1.5546 1.6748 3.8984 5.0183 1.2315 23.4548 -1.4671 13.0917
Car -1 -1 -1.2048 312.2477 191.5897 553.0215 362.1573 1.5205 1.5331 3.4272 -1.8238 1.6118 8.3491 -1.4199 12.9380
Car -1 -1 -1.6753 729.4336 172.4441 777.3051 210.1926 1.5805 1.6672 4.1211 6.4224 1.0469 32.2232 -1.4785 7.1084
Car -1 -1 -2.2263 959.3557 207.3883 1240.0000 375.0000 1.5000 1.5708 3.6667 2.4753 1.6315 2.2845 -1.4008 6.5285
Car -1 -1 -1.7259 712.0621 171.5769 740.8215 193.6541 1.6321 1.5946 3.8304 9.0359 0.6249 55.0591 -1.5632 5.0185
Car -1 -1 2.3053 0.0000 203.7079 395.4228 375.0000 1.5432 1.7018 4.3500 -2.5623 1.6817 3.1230 1.6182 4.5717
Car -1 -1 -1.4783 713.2501 172.6401 741.7621 194.4674 1.4345 1.5644 4.0847 8.2460 0.6091 49.4128 -1.3129 3.4793
Car -1 -1 -1.7874 851.1890 169.9302 970.7130 244.9804 1.4729 1.6330 3.9100 6.6025 1.1740 16.1695 -1.3997 0.3614
