Car -1 -1 -1.6766 702.5201 185.0721 770.6607 239.9921 1.5498 1.6618 3.7513 3.8470 1.5469 22.2078 -1.5051 15.5083
Car -1 -1 -1.4399 543.0199 180.8076 611.5275 235.7376 1.6352 1.7403 3.7970 -0.9462 1.5051 23.3649 -1.4803 15.1409
Car -1 -1 -1.8049 773.6423 196.4917 992.0520 358.8040 1.4555 1.5478 3.4522 2.9227 1.6179 8.4849 -1.4731 14.4661
Car -1 -1 -1.1471 173.3879 198.6543 494.8639 375.0000 1.5537 1.5242 3.2277 -2.2622 1.7115 6.6955 -1.4729 11.0467
Car -1 -1 -1.4477 572.2120 185.1609 621.1013 223.6977 1.4471 1.5391 3.5298 -0.4257 1.4461 28.8271 -1.4625 9.4583
Car -1 -1 -1.6632 697.2379 180.6706 744.4805 220.0856 1.5909 1.6495 3.8405 4.7742 1.4085 30.9771 -1.5102 5.9953
Car -1 -1 -1.5103 679.8153 182.8089 706.3373 204.9302 1.4238 1.5508 3.6363 5.7286 1.2700 48.1922 -1.3920 5.1945
Car -1 -1 -1.4317 603.8727 181.6909 637.8237 205.3508 1.4734 1.6524 4.2044 0.8783 1.2551 46.9692 -1.4130 2.4147
Car -1 -1 -1.6801 652.5111 185.7212 676.9963 203.9283 1.4263 1.5622 3.8855 4.5829 1.4699 58.3867 -1.6018 0.7895
Car -1 -1 -2.6147 114.6927 139.2277 314.1422 209.6593 2.3484 2.1884 5.8134 -13.6602 0.8162 25.1436 -3.1124 -0.2289
Car -1 -1 -1.8429 675.0988 178.6828 714.1814 203.7408 1.8215 1.7648 4.6221 6.5324 1.3477 54.6687 -1.7240 -0.7577
Car -1 -1 1.5324 621.3341 186.3372 648.2097 209.1241 1.5378 1.7260 4.4303 1.8534 1.6219 50.9458 1.5688 -1.0383
