Car -1 -1 -1.4249 567.1149 173.5849 635.6174 227.4704 1.6748 1.7541 4.0759 -0.1680 1.3144 24.4783 -1.4317 16.4337
Car -1 -1 -1.6615 723.3859 176.7489 786.7714 230.5970 1.5808 1.6538 3.4449 4.5725 1.3334 22.8998 -1.4644 13.6193
Car -1 -1 -1.2078 275.8453 195.7712 526.3137 375.0000 1.5288 1.4707 3.2117 -2.0005 1.6674 7.6859 -1.4624 13.3854
Car -1 -1 -1.7749 784.3854 189.4287 972.6618 328.7406 1.4329 1.5359 3.3930 3.2106 1.4989 9.2791 -1.4418 12.1967
Car -1 -1 -1.6748 717.1916 173.6491 763.3413 213.1255 1.6389 1.6010 3.8906 5.7707 1.1598 31.8399 -1.4955 8.2744
Car -1 -1 -1.4625 595.4910 177.3591 642.2089 216.9847 1.5392 1.5697 3.4423 0.4745 1.2352 29.7244 -1.4465 6.9960
Car -1 -1 -2.2124 970.1514 211.9233 1240.0000 375.0000 1.4363 1.5130 3.4526 2.3740 1.5861 2.1578 -1.3793 5.3486
Car -1 -1 -1.2315 831.9159 179.0146 957.3495 251.0335 1.4458 1.5505 3.5194 6.5146 1.3224 16.2615 -0.8505 3.1394
Car -1 -1 -1.5479 699.3332 176.2303 725.6745 200.1210 1.5603 1.6890 4.1087 7.1697 0.9746 49.1106 -1.4029 2.9017
Car -1 -1 -1.6047 626.1416 174.6688 652.8672 198.9880 1.5466 1.6294 4.0196 2.0481 0.8770 47.7291 -1.5618 1.8420
