Car -1 -1 -1.4013 470.5487 173.2719 564.2673 248.1837 1.6864 1.6838 4.0839 -2.2108 1.4187 18.2598 -1.5218 15.7234
Car -1 -1 -1.7191 676.6471 178.2905 769.1717 250.6067 1.5427 1.6425 3.4814 2.5769 1.3961 17.0732 -1.5693 14.4855
Car -1 -1 -1.4274 512.1837 179.5998 575.6410 228.1152 1.4733 1.5815 3.5944 -2.0662 1.3039 23.6647 -1.5145 12.0631
Car -1 -1 -1.6953 664.0040 174.7881 721.2271 222.5793 1.6045 1.5989 3.6025 2.9517 1.2555 25.9399 -1.5820 11.8310
Car -1 -1 -1.5827 644.2491 175.0901 672.6222 201.0908 1.4977 1.6322 4.0643 3.0103 0.9156 43.4785 -1.5136 10.8351
Car -1 -1 -2.1720 856.4372 193.1847 1240.0000 375.0000 1.5306 1.5909 3.6092 2.4967 1.5899 3.4095 -1.5399 8.4121
Car -1 -1 -0.5016 867.9349 180.8392 1221.6538 297.8100 1.4900 1.6085 3.9285 5.8241 1.4354 10.0072 0.0254 7.2526
Car -1 -1 -1.6240 642.7578 173.7822 668.7883 195.1840 1.4090 1.5705 3.8366 3.2337 0.6574 49.2495 -1.5584 5.3312
Car -1 -1 1.6843 524.2951 177.1834 577.7343 220.3658 1.5457 1.6079 4.0635 -2.1573 1.2593 27.7866 1.6068 4.5233
Car -1 -1 -1.5052 558.8765 177.4977 592.5034 205.3168 1.5319 1.6782 4.2043 -1.8388 1.1080 41.7002 -1.5493 3.3108
