Car -1 -1 -1.4092 494.8972 184.7804 574.2136 244.9015 1.6106 1.7153 3.9530 -2.1047 1.6000 21.2798 -1.5078 13.8435
Car -1 -1 -1.7239 669.9210 185.3775 750.2211 245.7998 1.5392 1.6514 3.7835 2.7304 1.5453 20.2253 -1.5897 13.7088
Car -1 -1 -1.4777 531.0897 187.3656 582.3958 229.5396 1.4455 1.5645 3.6732 -1.8676 1.5320 26.6783 -1.5476 12.2769
Car -1 -1 -1.8983 771.6783 193.3362 1108.6721 375.0000 1.4612 1.5517 3.3971 2.5002 1.5542 6.3995 -1.5259 6.5522
Car -1 -1 -1.4881 643.7995 183.0022 673.9220 207.6442 1.5245 1.6304 3.8923 3.3215 1.3887 46.5176 -1.4169 5.6497
Car -1 -1 -1.6782 663.4433 183.9996 714.9625 226.0107 1.5830 1.6398 3.9411 3.1847 1.5384 29.0560 -1.5690 5.5841
Car -1 -1 2.2144 0.0000 207.2408 377.5198 375.0000 1.4165 1.5189 3.3737 -2.6587 1.5892 3.8776 1.6134 2.7884
Car -1 -1 1.7390 596.1973 188.2346 625.9189 207.6895 1.5628 1.7712 4.6246 0.3116 1.8300 60.9252 1.7441 1.6114
Car -1 -1 1.7623 564.8726 182.3794 604.5571 208.5465 1.5491 1.6949 4.2456 -1.4063 1.3824 44.7847 1.7309 1.1765
Car -1 -1 -1.9218 810.8430 181.7855 981.6577 276.7495 1.4767 1.6098 3.8416 4.9819 1.4245 13.1051 -1.5585 0.7318
Car -1 -1 -1.6425 647.2942 186.6948 674.1294 209.0458 1.5080 1.6122 3.7728 3.6749 1.6172 50.6345 -1.5700 -0.2172
