Car -1 -1 -1.8512 530.7793 184.5647 648.1789 259.1280 1.5095 1.6473 3.9958 -0.6057 1.4975 16.7044 -1.8874 13.2118
Car -1 -1 -0.9636 1165.3486 203.0191 1240.0000 285.8335 1.4396 1.5434 3.9531 13.2979 1.8204 14.1597 -0.2096 5.8131
Car -1 -1 -0.8475 959.8869 197.1649 1198.6047 295.2959 1.5381 1.5963 3.5839 8.3126 1.7732 12.8187 -0.2722 5.7415
Car -1 -1 1.5887 461.5351 180.2286 486.6226 204.6743 1.5320 1.5489 3.6489 -8.7254 1.2206 46.9738 1.4051 3.8700
Car -1 -1 1.6729 363.3563 169.4467 404.8720 203.0467 1.7092 1.7101 4.3350 -12.0532 0.9082 38.8572 1.3721 3.6118
Car -1 -1 1.6111 443.9711 177.1424 463.8593 194.4399 1.5018 1.5863 4.0431 -13.7916 0.8020 64.5343 1.4006 2.8178
Car -1 -1 -1.6572 517.7954 181.7521 577.5044 232.8338 1.5498 1.6279 3.8377 -2.1073 1.4458 23.8368 -1.7454 2.5700
Car -1 -1 1.7578 453.5460 184.8717 485.3123 206.2605 1.4877 1.5755 3.7961 -9.9642 1.4649 51.8963 1.5681 1.5457
Car -1 -1 -1.2049 314.4483 179.9992 363.3117 203.9991 1.4470 1.6086 3.8607 -16.8952 1.1337 45.2758 -1.5621 0.6846
Car -1 -1 -1.2946 375.5066 177.2700 411.5114 199.0074 1.5208 1.5773 3.6117 -15.5038 0.9660 52.1040 -1.5838 0.5610
