Car -1 -1 -1.7122 679.6061 179.7391 774.3019 254.6668 1.5312 1.6197 3.5810 2.5688 1.4204 16.4872 -1.5576 14.6950
Car -1 -1 -1.4018 461.7707 175.1913 560.6521 252.6643 1.6739 1.7358 3.9635 -2.2690 1.4584 17.5427 -1.5305 12.1176
Car -1 -1 -1.6814 665.8014 174.5553 722.5464 223.6938 1.6022 1.5793 3.5198 2.9200 1.2558 25.1990 -1.5661 11.8000
Car -1 -1 -1.6144 642.2450 175.3914 672.3497 201.6686 1.4917 1.6061 4.0318 2.8836 0.9351 42.8388 -1.5472 11.0766
Car -1 -1 1.7018 507.7998 179.8425 573.4172 230.5679 1.4793 1.5917 3.8278 -2.0959 1.3237 22.9038 1.6106 9.9391
Car -1 -1 -0.5239 881.5584 180.8744 1240.0000 310.8450 1.5376 1.6216 3.8607 5.7522 1.4874 9.3634 0.0270 8.9044
Car -1 -1 -1.6144 642.2343 175.1151 669.3721 199.4106 1.5687 1.6403 4.1154 3.1799 0.9177 48.4869 -1.5489 8.5025
Car -1 -1 1.6906 518.2456 176.0890 576.2169 225.3795 1.7000 1.6657 4.2516 -2.2233 1.3863 26.9440 1.6083 7.2316
Car -1 -1 -1.5164 556.8745 176.0239 590.2192 204.8209 1.5666 1.6862 4.1663 -1.9400 1.0677 41.1933 -1.5635 1.0197
Car -1 -1 -1.7725 631.0669 172.8668 661.8651 194.0739 1.5674 1.6253 3.7932 2.9142 0.6558 55.1222 -1.7197 0.7784
Car -1 -1 -0.9498 897.3855 188.1213 1240.0000 375.0000 1.6952 1.7166 4.0179 3.6159 1.7141 3.2937 -0.1178 -1.0470
