Car -1 -1 -1.7294 866.8612 186.5151 1029.2288 304.6814 1.4623 1.5973 3.6724 4.8943 1.4868 10.9164 -1.3080 16.3895
Car -1 -1 -1.6713 822.6037 174.4685 885.5342 223.2683 1.5131 1.6175 3.8486 8.2110 1.1810 24.3416 -1.3460 14.9541
Car -1 -1 -1.2623 473.8573 182.6231 651.9699 316.4103 1.5514 1.5324 3.3600 -0.5086 1.5225 10.1521 -1.3123 14.8070
Car -1 -1 -1.4589 679.7640 170.4493 737.6117 217.9022 1.6014 1.6671 3.9907 3.7368 1.1042 26.3962 -1.3183 13.7730
Car -1 -1 -2.0218 965.4912 193.7036 1240.0000 375.0000 1.4555 1.5504 3.6517 3.0374 1.5227 3.6323 -1.3254 11.8705
Car -1 -1 -1.0707 39.3678 203.5359 540.2567 375.0000 1.4092 1.5410 3.7798 -1.7988 1.5963 5.2992 -1.3980 10.0897
Car -1 -1 -1.6523 803.3637 169.0574 827.5000 186.7976 1.4797 1.6522 4.3628 17.9374 0.1331 62.2578 -1.3718 0.6908
Car -1 -1 -1.8392 792.6014 168.5488 829.6434 189.6413 1.5680 1.6987 4.1792 15.6404 0.3301 55.5306 -1.5647 -0.7328
Car -1 -1 1.3696 733.4066 170.3396 780.2764 206.6099 2.3258 2.0061 5.7233 10.0388 1.3730 48.9549 1.5718 -1.0801
Car -1 -1 -0.9325 801.9339 171.9230 863.2823 195.5228 1.5582 1.7290 4.4324 15.4771 0.6817 49.4620 -0.6292 -1.1713
