Car -1 -1 -1.6725 749.6250 171.9241 814.2684 223.5192 1.5621 1.6770 3.8044 5.6263 1.1608 23.7558 -1.4400 15.8858
Car -1 -1 -1.7524 803.9162 186.8221 979.4310 322.2152 1.5416 1.6060 3.5162 3.7082 1.5695 10.0944 -1.4004 14.3835
Car -1 -1 -1.2288 347.5055 186.8308 575.8972 354.2034 1.6279 1.6021 3.6211 -1.6075 1.6534 8.9420 -1.4067 13.8201
Car -1 -1 -1.4236 600.7280 169.7696 664.8892 220.0802 1.6274 1.6896 4.0205 0.9259 1.1289 25.3791 -1.3871 13.3409
Car -1 -1 -0.8671 0.0000 212.2891 438.7835 375.0000 1.4994 1.5814 3.9474 -2.4298 1.7212 3.7923 -1.4370 8.7566
Car -1 -1 -1.5081 686.4112 177.9735 712.8414 199.0714 1.4546 1.6338 4.1227 6.6275 0.9564 51.7375 -1.3807 3.7365
Car -1 -1 -1.7229 742.3631 170.4385 793.8669 211.7131 1.7594 1.6886 3.9690 7.1821 1.1306 32.6727 -1.5065 2.7363
Car -1 -1 -1.7418 721.4525 171.6408 755.5117 194.7558 1.5358 1.6482 4.0481 8.9856 0.6350 49.7871 -1.5632 0.8139
Car -1 -1 -1.7681 750.3545 170.5130 778.9793 188.8360 1.5562 1.6698 4.1462 13.7298 0.3086 63.1349 -1.5540 -0.3354
Car -1 -1 -1.6092 748.3996 171.3634 768.7980 189.2624 1.6516 1.7367 4.2504 14.3506 0.3745 68.5667 -1.4029 -0.9768
