Car -1 -1 -1.4122 840.8325 171.7301 907.8851 217.7854 1.5708 1.7239 3.9898 9.9167 1.1120 26.6753 -1.0563 17.9296
Car -1 -1 -1.2515 659.1638 187.3067 808.7881 294.3311 1.4857 1.5005 3.1211 2.1224 1.5261 11.7721 -1.0732 13.1756
Car -1 -1 -1.1546 444.2570 198.8441 718.3922 375.0000 1.4108 1.5126 3.4850 -0.0812 1.5900 7.4913 -1.1654 12.2782
Car -1 -1 -1.8761 1074.5097 190.5245 1240.0000 375.0000 1.4810 1.5548 3.7287 4.1749 1.5310 4.6044 -1.1396 10.9568
Car -1 -1 -1.4426 867.2340 174.7133 917.8355 211.1235 1.4919 1.6077 3.6230 12.4572 1.0627 31.4244 -1.0652 7.5265
Car -1 -1 -1.5531 1000.6195 174.9062 1063.5862 226.8583 1.5586 1.6591 3.6879 13.8891 1.2504 23.5677 -1.0206 6.7407
Car -1 -1 -1.6532 1032.9372 179.1134 1188.1018 302.6386 1.6093 1.6624 3.4814 7.6374 1.5310 11.2863 -1.0583 2.5151
Car -1 -1 -0.4796 1076.1965 174.7140 1240.0000 244.0950 1.4668 1.5799 3.6819 12.9823 1.2459 16.3210 0.1923 2.0265
Car -1 -1 -0.9240 979.1993 168.8242 1045.2583 191.7309 1.4318 1.6195 4.0343 26.1341 0.4084 46.4799 -0.4118 0.9404
Car -1 -1 -1.6054 906.1722 171.8798 935.9038 196.0411 1.5294 1.6630 3.9579 20.6983 0.6864 47.6442 -1.1956 -1.2011
