Car -1 -1 1.6844 463.8308 177.5978 537.7951 231.4940 1.4882 1.7457 4.4506 -3.2146 1.2790 22.0963 1.5400 15.2873
Car -1 -1 3.5516 94.8061 182.7971 339.7749 254.2545 1.4483 1.6858 4.3595 -8.3407 1.4004 15.5829 3.0602 11.8008
Car -1 -1 -1.5839 613.9738 178.5522 642.6574 204.8808 1.4620 1.5928 3.5598 1.1383 1.0931 41.7056 -1.5566 11.0195
Car -1 -1 3.8134 0.0000 186.3927 99.7852 259.1274 1.4579 1.6108 4.0108 -13.4896 1.4856 15.3375 3.0921 9.5974
Car -1 -1 2.5815 918.2435 181.3655 1147.8535 249.1904 1.4560 1.6187 4.2849 9.4858 1.3745 16.3086 3.1083 8.0654
Car -1 -1 1.5177 508.3865 176.3540 549.1642 212.8286 1.5173 1.5870 3.8147 -3.5912 1.1498 31.9119 1.4057 5.6038
Car -1 -1 1.5816 604.5210 175.6517 630.0997 200.6632 1.5750 1.6113 3.8278 0.6231 0.9739 47.1961 1.5948 3.3705
Car -1 -1 3.9985 0.0000 204.2001 79.6566 375.0000 1.4281 1.5947 3.7970 -6.5006 1.5934 5.3702 3.1182 3.3127
Car -1 -1 1.6762 524.0784 179.7468 555.4628 205.5544 1.5705 1.6076 3.6512 -4.2952 1.2388 45.5751 1.5822 2.5253
Car -1 -1 1.5190 634.9894 178.8225 660.1818 200.6569 1.4994 1.5917 3.8269 2.7880 1.0615 51.2778 1.5733 -0.6833
