Car -1 -1 -0.4463 890.7445 181.4426 1074.0441 234.8850 1.4551 1.6611 4.3362 10.5073 1.3535 20.4599 0.0281 12.3858
Car -1 -1 2.1075 0.0000 194.2581 239.5103 321.0362 1.4237 1.5568 3.7786 -6.9714 1.5785 10.2768 1.5114 12.0471
Car -1 -1 0.9056 1075.2154 166.8384 1240.0000 318.9933 1.5918 1.5922 3.7802 8.0555 1.4007 9.4380 1.6121 11.9846
Car -1 -1 1.6783 527.6120 180.6550 585.8600 224.4356 1.4994 1.7107 4.3025 -1.8554 1.3443 26.7982 1.6092 11.5936
Car -1 -1 3.4306 258.5346 184.3191 435.2443 241.2509 1.5576 1.7273 4.4657 -7.4174 1.5342 20.6498 3.0857 9.6642
Car -1 -1 3.6751 91.8922 186.3135 263.3546 238.4569 1.4489 1.6276 3.9931 -12.4098 1.4831 20.8268 3.1378 7.5978
Car -1 -1 1.5405 650.2640 179.3676 677.3027 204.8204 1.5706 1.6150 3.7294 3.5459 1.2109 46.2547 1.6171 7.4063
Car -1 -1 -2.7164 174.8706 147.4572 410.3195 234.4386 2.8392 2.3315 7.0802 -10.6838 1.6079 24.6857 -3.1249 3.9744
Car -1 -1 -1.6211 642.5572 182.3230 667.3911 203.3481 1.4584 1.5958 3.6102 3.3437 1.2589 51.6747 -1.5564 3.0126
Car -1 -1 1.7565 556.7791 179.4062 602.7280 211.8154 1.5728 1.6504 4.0127 -1.4124 1.2920 36.9880 1.7183 2.7883
Car -1 -1 2.1427 0.0000 197.7109 200.0303 375.0000 1.6144 1.6896 4.0067 -4.6825 1.7419 5.1543 1.4052 -0.5918
