Car -1 -1 -1.3560 348.0942 185.7351 504.6278 301.1174 1.5067 1.5983 3.6292 -2.6865 1.5172 11.2297 -1.5908 14.3605
Car -1 -1 -1.7775 673.2316 177.5309 796.0327 271.3655 1.5666 1.6053 3.3929 2.2330 1.4394 13.7291 -1.6163 14.2551
Car -1 -1 -1.4064 446.3708 182.5844 536.8614 249.1640 1.4729 1.5900 3.9067 -2.8093 1.4158 17.8586 -1.5624 13.8137
Car -1 -1 -1.6239 627.0391 180.5756 668.3606 216.5620 1.4685 1.5792 3.8086 1.6456 1.2803 31.2347 -1.5713 12.4104
Car -1 -1 -1.5022 510.9438 181.9823 555.6573 221.4007 1.5085 1.5679 3.7153 -3.0227 1.3859 29.3893 -1.6047 12.3991
Car -1 -1 -1.9734 755.2661 189.2091 1240.0000 375.0000 1.5379 1.5732 3.6029 2.1471 1.5772 5.0731 -1.5730 9.5437
Car -1 -1 2.0347 0.0000 174.4765 441.8437 375.0000 1.6775 1.6648 4.1674 -2.6697 1.6274 5.5261 1.5847 7.7026
Car -1 -1 1.6248 557.6083 178.0358 577.6169 194.5671 1.5573 1.7251 4.0250 -3.8714 0.8821 69.7289 1.5693 3.7063
Car -1 -1 -1.7330 614.7898 176.1277 651.8162 204.8616 1.6726 1.6526 3.8259 1.4866 1.1448 43.8449 -1.6991 2.0333
Car -1 -1 1.4757 533.0905 187.9419 561.2251 209.2190 1.4813 1.6636 4.1771 -4.5080 1.6911 52.8111 1.3906 0.0807
