Car -1 -1 -1.8571 714.4885 187.9431 991.6685 375.0000 1.5191 1.6086 3.8503 2.1880 1.5566 7.6496 -1.5785 14.5693
Car -1 -1 -1.3847 407.1396 185.3779 525.5545 274.3572 1.4854 1.5652 3.6686 -2.6210 1.4901 13.8389 -1.5719 13.7451
Car -1 -1 -1.7480 666.9652 176.6340 766.8808 256.2955 1.5985 1.6027 3.4824 2.2932 1.4275 16.1906 -1.6073 13.2984
Car -1 -1 -1.5774 630.2248 178.1885 667.8731 213.0599 1.5417 1.6638 4.0797 1.8923 1.2321 33.8550 -1.5215 12.4787
Car -1 -1 -1.4257 470.3595 183.1800 546.8464 238.7901 1.4137 1.5749 3.9318 -2.7330 1.3631 20.2454 -1.5599 10.8582
Car -1 -1 -1.2691 224.8135 178.1907 491.1234 354.2275 1.5660 1.6804 4.2074 -2.6180 1.5047 8.4973 -1.5680 9.9868
Car -1 -1 -1.4926 520.1346 178.0166 562.8054 213.9878 1.4997 1.5998 3.6624 -2.9137 1.2006 31.8072 -1.5839 9.7517
Car -1 -1 -1.6266 619.2135 176.5459 646.9881 201.0251 1.5146 1.5770 3.7310 1.5752 0.9793 46.3571 -1.5926 4.8710
Car -1 -1 -1.6383 637.6978 185.6660 674.7160 215.2313 1.4537 1.6406 4.0876 2.4412 1.4796 37.4500 -1.5732 0.3503
Car -1 -1 -1.6507 654.2867 185.0960 682.5264 207.1964 1.4532 1.6164 3.8470 4.0912 1.4464 49.1886 -1.5677 -0.5387
Car -1 -1 -1.6356 646.9709 179.7860 673.4054 202.1422 1.5827 1.6734 4.0795 3.8051 1.1995 52.9336 -1.5639 -0.9753
Car -1 -1 1.6279 554.6413 183.4426 577.8226 203.1597 1.4971 1.6007 3.9299 -3.2503 1.3636 56.5418 1.5705 -1.1689
