Car -1 -1 -1.7800 668.4937 177.7496 787.2165 265.1803 1.5555 1.6226 3.6375 2.2531 1.4238 14.6473 -1.6273 14.4196
Car -1 -1 -1.3729 373.4117 184.7779 510.9180 289.1703 1.5050 1.5724 3.5409 -2.6782 1.4998 12.1450 -1.5900 13.7883
Car -1 -1 -1.5917 629.8431 177.8131 668.2376 213.9306 1.5183 1.6132 3.9356 1.7668 1.2082 32.2094 -1.5369 12.6512
Car -1 -1 -1.9217 740.2401 186.2868 1140.0888 375.0000 1.5977 1.6020 3.6777 2.1787 1.6104 5.9338 -1.5698 11.9012
Car -1 -1 -1.3990 451.5634 182.1384 540.9096 245.7889 1.4713 1.6079 4.0737 -2.8163 1.4013 18.6669 -1.5487 11.7947
Car -1 -1 1.9820 0.0000 190.5313 465.2226 375.0000 1.6931 1.6905 4.5980 -2.6480 1.7583 6.3492 1.5868 9.4584
Car -1 -1 -1.5974 640.1689 178.8072 664.7464 202.0877 1.6044 1.6450 4.1313 3.1555 1.1639 51.6288 -1.5364 7.0390
Car -1 -1 1.6288 560.0028 179.8745 579.0162 196.4869 1.5877 1.6482 3.8200 -3.7365 1.0783 70.6124 1.5760 2.6522
Car -1 -1 -1.5943 622.3939 176.8071 649.3177 201.7361 1.4831 1.5760 3.6928 1.6846 0.9840 44.6216 -1.5566 2.5031
Car -1 -1 1.6678 514.1397 177.4632 558.5008 217.3888 1.5490 1.5033 3.2928 -2.9212 1.2494 29.5338 1.5692 0.9114
