Car -1 -1 -1.8072 677.0593 183.1330 823.9708 291.6326 1.5553 1.6008 3.4546 2.1761 1.5265 12.0713 -1.6289 14.8303
Car -1 -1 -1.4035 421.7950 187.3452 525.7430 264.3313 1.4821 1.6013 4.0484 -2.8798 1.5366 15.9808 -1.5818 14.0254
Car -1 -1 -1.3132 292.0734 189.8475 487.7242 335.8559 1.5458 1.5729 3.5499 -2.6921 1.6198 9.5095 -1.5891 12.6497
Car -1 -1 -1.6365 624.4232 183.8773 669.8528 223.0289 1.5080 1.6140 3.6195 1.5230 1.4575 29.5045 -1.5849 11.3285
Car -1 -1 -1.4697 503.1877 185.3661 552.6020 225.1370 1.4255 1.5380 3.4711 -3.0359 1.4327 27.5170 -1.5796 7.7597
Car -1 -1 -2.1267 774.5379 196.4866 1240.0000 375.0000 1.4808 1.5830 3.6428 2.1007 1.5698 3.7463 -1.6157 7.2536
Car -1 -1 2.2155 0.0000 188.7555 392.2741 375.0000 1.6309 1.6851 4.7937 -2.6912 1.6615 3.5808 1.5710 6.9290
Car -1 -1 1.6059 555.9979 182.5646 575.1484 200.0485 1.6069 1.6705 4.1306 -3.9779 1.3644 68.1476 1.5476 6.2257
Car -1 -1 -1.6119 615.0986 178.4353 645.2352 207.8121 1.6513 1.6111 3.7296 1.2524 1.2713 42.2772 -1.5823 4.0643
Car -1 -1 -1.7830 637.6142 181.5762 665.0272 200.1719 1.6857 1.7202 4.1624 4.0379 1.3569 67.3491 -1.7231 0.1391
