Car -1 -1 1.6913 483.8668 177.9453 553.0847 228.6625 1.4706 1.6880 4.2663 -2.7931 1.2610 22.9744 1.5703 14.4525
Car -1 -1 -0.5262 919.3469 183.0056 1137.3010 245.4897 1.4152 1.6110 4.2430 9.8342 1.3662 17.0913 -0.0041 11.5162
Car -1 -1 -1.6338 623.2284 179.6685 654.1133 205.3495 1.4594 1.5881 3.8643 1.7731 1.1453 42.7968 -1.5924 10.3022
Car -1 -1 3.7781 0.0000 184.2884 146.0652 253.3125 1.4991 1.6624 4.0502 -13.2331 1.4801 16.5185 3.1026 9.5026
Car -1 -1 3.5456 138.7457 180.4908 363.8721 249.7444 1.5124 1.7148 4.3550 -8.1598 1.4104 16.6635 3.0902 8.8605
Car -1 -1 1.6507 523.3254 176.9318 563.1908 212.1657 1.5223 1.5334 3.6135 -2.9333 1.1655 32.8682 1.5617 4.3546
Car -1 -1 1.5638 619.2158 177.6514 644.8903 202.7683 1.6124 1.6481 3.9471 1.5876 1.1280 48.1391 1.5968 3.5616
Car -1 -1 1.6546 536.2525 180.4612 566.2661 205.2717 1.5367 1.6201 3.8266 -3.6337 1.2433 46.4376 1.5765 0.6649
Car -1 -1 3.7692 0.0000 185.1323 148.9974 375.0000 1.5103 1.6693 4.0541 -6.3752 1.5109 5.8270 2.9389 0.0270
Car -1 -1 1.5582 606.7380 181.4545 627.1962 199.7903 1.4668 1.6366 4.1426 0.7209 1.1671 59.5751 1.5703 -0.4053
