Car -1 -1 -1.6255 623.2236 184.6061 671.0701 227.3174 1.5393 1.6339 3.5321 1.4197 1.5185 27.6730 -1.5743 15.8012
Car -1 -1 -1.3736 395.8007 188.7402 516.2136 276.4200 1.4942 1.5902 3.9502 -2.9201 1.5756 14.3830 -1.5739 15.4454
Car -1 -1 -1.8196 687.7693 186.1158 863.1179 311.6508 1.4985 1.5839 3.4844 2.1617 1.5148 10.3774 -1.6142 14.6408
Car -1 -1 -1.4783 492.3078 186.4169 545.9159 229.6578 1.4401 1.5762 3.8072 -3.1707 1.4879 25.9698 -1.5998 13.4095
Car -1 -1 -1.2495 193.9550 193.2697 462.1525 375.0000 1.5309 1.5696 3.5762 -2.7465 1.6394 7.7805 -1.5889 11.0927
Car -1 -1 2.3178 0.0000 171.8302 341.0536 375.0000 1.6134 1.6853 4.1694 -2.6144 1.6040 2.6701 1.5430 9.2443
Car -1 -1 -1.6128 621.7964 184.3327 659.2966 219.0312 1.5309 1.5846 3.6504 1.4488 1.4931 33.5390 -1.5696 5.6610
Car -1 -1 -1.6320 613.7737 180.9574 647.2550 213.2086 1.7286 1.6418 3.8672 1.2092 1.5015 40.4847 -1.6021 5.3841
Car -1 -1 1.8137 548.0116 186.1239 575.9071 203.0351 1.5024 1.6668 3.9345 -4.1891 1.5898 66.1686 1.7504 2.9288
Car -1 -1 1.7235 469.8745 188.0464 512.5717 218.0178 1.4659 1.6264 3.8796 -6.0473 1.6222 37.4678 1.5635 -0.5369
Car -1 -1 -1.4670 635.5912 183.0859 668.2843 208.9265 1.5868 1.6768 4.2307 2.8705 1.4572 46.3645 -1.4052 -0.8433
Car -1 -1 1.8080 532.2951 193.0858 566.5947 214.8124 1.4703 1.6106 3.9050 -4.2094 2.0652 52.1845 1.7276 -1.1712
