Car -1 -1 1.7877 66.9235 190.0993 225.4597 282.9493 1.4758 1.6857 4.1963 -8.7396 1.5869 13.9193 1.2270 12.3588
Car -1 -1 1.6980 198.9338 183.7163 270.4381 236.9926 1.5763 1.5950 3.7011 -12.0236 1.5330 23.2766 1.2212 9.0607
Car -1 -1 1.5481 367.5922 182.1207 405.7754 216.5907 1.5400 1.6400 3.6011 -10.5536 1.4029 34.0799 1.2478 7.1541
Car -1 -1 2.3977 762.3742 182.5973 1038.4327 280.6269 1.4705 1.6628 4.4455 4.9769 1.4324 12.3420 2.7810 6.7383
Car -1 -1 1.6462 249.6042 182.9101 292.5990 217.4162 1.6384 1.6837 3.7326 -16.9123 1.5301 36.1720 1.2089 6.1945
Car -1 -1 1.5502 360.8657 180.3828 393.4518 210.9182 1.5701 1.5987 3.6418 -12.5553 1.3227 38.9407 1.2383 3.6304
Car -1 -1 2.1667 236.3391 191.7906 302.1510 218.4111 1.4660 1.6236 3.9009 -20.0302 1.8760 42.6506 1.7276 0.2090
Car -1 -1 1.9874 283.5326 185.5564 318.6284 202.3918 1.5175 1.6087 3.7778 -28.4485 1.5512 66.7698 1.5847 0.0474
Car -1 -1 2.1797 257.7148 184.6543 301.1717 202.3972 1.4621 1.5888 3.6032 -27.8924 1.4170 61.1495 1.7517 -0.6829
Car -1 -1 1.8678 365.8370 186.1137 410.1635 210.8491 1.5876 1.7134 4.1483 -14.7436 1.6518 48.3620 1.5719 -1.0319
