Car -1 -1 1.7358 287.8430 174.3035 398.3118 248.2613 1.5245 1.7549 4.3450 -6.1711 1.3007 17.1093 1.3896 11.8967
Car -1 -1 -0.7059 871.2390 173.2197 1140.5087 262.1447 1.4829 1.6415 4.3118 7.2118 1.2840 13.2295 -0.2069 9.3839
Car -1 -1 1.5131 497.5561 171.6628 534.5353 202.3990 1.4993 1.6681 3.7485 -4.8027 0.8393 37.0592 1.3842 9.1770
Car -1 -1 3.7589 0.0000 191.8397 79.8659 303.4050 1.3826 1.5412 3.9258 -10.0903 1.4871 10.1197 2.9749 8.2074
Car -1 -1 1.5333 372.3132 172.3811 420.7302 218.3076 1.5794 1.5765 3.6531 -7.9355 1.1391 26.6997 1.2444 8.1695
Car -1 -1 -1.4922 396.9287 172.5481 430.6806 201.4100 1.5328 1.5503 3.4362 -10.7803 0.8612 40.0053 -1.7554 5.5373
Car -1 -1 1.5518 486.9711 173.2386 516.2480 200.6083 1.5438 1.6344 3.9508 -6.3585 0.8694 42.6286 1.4038 0.5797
Car -1 -1 1.8485 397.3029 187.0649 438.3366 209.2058 1.5340 1.7219 4.5231 -13.8171 1.6760 52.4614 1.5909 0.5124
Car -1 -1 1.6511 405.2919 173.0067 437.2510 198.6423 1.5496 1.6581 3.8097 -11.7757 0.8127 45.4680 1.3977 0.4695
Car -1 -1 0.1047 494.7504 174.1571 541.7890 193.1575 1.6105 1.6737 3.8604 -7.6765 0.6743 61.7997 -0.0189 -1.0699
