Car -1 -1 -1.3926 419.6629 184.5287 529.6092 265.2919 1.4399 1.5616 3.6607 -2.6209 1.4287 14.6433 -1.5697 15.0942
Car -1 -1 -1.8382 709.0866 189.2954 948.4660 357.2238 1.5002 1.6046 3.7839 2.2197 1.5598 8.4098 -1.5802 14.9746
Car -1 -1 -1.7512 665.4038 177.2401 758.7448 251.6220 1.5743 1.5565 3.4519 2.3070 1.4067 16.9707 -1.6161 14.2464
Car -1 -1 -1.5936 632.3629 178.6176 667.6820 211.4712 1.4875 1.5928 3.7860 1.9464 1.1899 34.4619 -1.5372 14.1773
Car -1 -1 -1.4135 476.3103 180.0062 551.9654 235.9209 1.4903 1.6094 3.8845 -2.6938 1.3526 21.1221 -1.5403 12.4501
Car -1 -1 -1.2937 253.4824 173.3819 498.6155 345.8418 1.6766 1.7424 4.3276 -2.6343 1.5627 9.1512 -1.5740 9.7522
Car -1 -1 -1.4873 524.9569 178.4431 566.9407 212.3835 1.4569 1.5939 3.8296 -2.7961 1.1673 32.7694 -1.5725 8.9308
Car -1 -1 -1.5813 625.7409 178.3463 650.7994 203.4909 1.5817 1.5757 3.6971 1.9528 1.1507 47.0862 -1.5398 2.8452
Car -1 -1 -1.4695 624.9185 173.1045 667.8966 211.5354 1.8948 1.8051 4.5769 2.0679 1.2988 37.8404 -1.4149 -0.0635
Car -1 -1 -1.6341 646.7524 179.9484 672.9397 202.3885 1.6159 1.6890 4.1681 3.8466 1.2377 53.8500 -1.5628 -0.4348
Car -1 -1 1.6261 556.0873 184.8094 578.8903 204.2532 1.4984 1.6037 3.9436 -3.1974 1.4683 57.3671 1.5704 -0.6975
Car -1 -1 0.1261 487.3531 184.9752 556.0665 211.7117 1.4871 1.6084 3.7004 -4.8738 1.4748 40.7958 0.0072 -1.2503
Car -1 -1 1.7645 566.8522 181.3567 601.2735 203.3014 1.4213 1.5822 4.0424 -1.5815 1.1725 48.6753 1.7320 -1.2566
