Car -1 -1 1.6908 382.9813 175.7555 470.7439 240.2324 1.5121 1.7429 4.3190 -4.7161 1.2914 19.1047 1.4488 13.6495
Car -1 -1 2.5171 907.8927 179.1762 1165.2721 257.4951 1.4451 1.6555 4.2331 8.3633 1.3348 14.2847 3.0468 12.1214
Car -1 -1 3.6847 0.0000 184.5550 216.4765 282.3224 1.5210 1.7235 4.5187 -9.4959 1.5118 12.2941 3.0270 10.0543
Car -1 -1 1.6254 440.8113 177.5955 486.4119 216.6207 1.4558 1.5823 3.9754 -5.7657 1.1727 28.8931 1.4284 7.7599
Car -1 -1 1.4835 555.9720 174.1567 593.3293 203.8482 1.5263 1.6695 4.0672 -1.8785 0.9589 39.0771 1.4354 7.5557
Car -1 -1 1.6500 544.6984 174.6492 570.3235 195.1716 1.5349 1.6690 4.0761 -3.8810 0.7457 55.8067 1.5806 3.9448
Car -1 -1 1.6657 551.4021 175.6527 584.6178 203.6004 1.6514 1.6784 4.0699 -2.4416 1.0874 44.5385 1.6109 2.9244
Car -1 -1 1.6028 464.5387 175.9059 495.2651 203.7619 1.5703 1.6680 4.0036 -7.5627 1.0466 42.6206 1.4272 2.4366
Car -1 -1 1.5910 566.5526 176.6417 592.9120 200.6016 1.5500 1.6985 4.3501 -1.8800 0.9965 48.6918 1.5524 -0.4887
Car -1 -1 1.7615 465.7158 186.0800 499.2560 206.6474 1.4019 1.6050 4.1199 -8.9025 1.4671 51.2430 1.5895 -0.7426
