Car -1 -1 -1.7677 693.3532 187.2256 842.7652 299.8832 1.5053 1.5803 3.6581 2.3235 1.5437 11.4975 -1.5683 15.6618
Car -1 -1 -1.4350 464.7301 184.0337 549.2775 250.7986 1.4858 1.5849 3.6823 -2.4378 1.4606 17.8344 -1.5708 12.8840
Car -1 -1 -1.7270 664.0892 178.9106 741.3418 239.0638 1.5394 1.5897 3.5907 2.5313 1.3792 20.2121 -1.6024 12.4792
Car -1 -1 -1.3569 376.4304 174.8133 528.7271 303.3550 1.8545 1.7326 3.8609 -2.5050 1.7056 12.3091 -1.5577 11.5900
Car -1 -1 -1.4182 500.7695 181.0506 565.4735 229.3562 1.4984 1.5994 3.8734 -2.4758 1.3703 24.2689 -1.5199 10.1576
Car -1 -1 -1.6083 635.2029 182.2838 667.2127 210.8116 1.4179 1.5269 3.5130 2.1967 1.2733 37.4965 -1.5498 9.0674
Car -1 -1 -1.4726 538.4438 179.0721 579.9179 213.8900 1.6400 1.6717 4.1451 -2.4025 1.3517 35.9534 -1.5393 7.2827
Car -1 -1 -1.6096 633.9908 178.9414 662.8432 204.6876 1.4905 1.5926 3.6697 2.3955 1.1284 43.4593 -1.5545 4.7900
Car -1 -1 -1.5747 632.1813 180.8774 655.7143 203.6212 1.5271 1.5793 3.6833 2.4935 1.2370 50.1395 -1.5250 2.5697
Car -1 -1 -1.8065 640.1041 188.6077 684.0361 216.2320 1.4493 1.5989 3.7953 2.9563 1.6496 40.2052 -1.7331 -0.3320
