Car -1 -1 1.6529 524.1162 180.0449 581.4122 226.2006 1.5452 1.7357 4.2489 -1.9590 1.3732 26.1925 1.5782 14.0851
Car -1 -1 2.6750 896.8697 180.4666 1081.2033 237.6070 1.5156 1.6538 4.2228 10.4143 1.3908 19.9222 3.1567 13.9081
Car -1 -1 2.1345 0.0000 193.6389 218.1242 330.9422 1.4518 1.5274 3.6946 -6.9962 1.5890 9.7190 1.5106 12.4120
Car -1 -1 0.2892 271.4408 185.3340 428.8034 242.3850 1.5199 1.6644 3.8235 -7.1411 1.5245 20.0825 -0.0524 11.4234
Car -1 -1 1.6489 645.6177 179.7593 676.9954 205.4524 1.5635 1.6908 3.9921 3.4315 1.2326 45.8420 1.7236 7.9362
Car -1 -1 3.7138 67.7271 184.1249 252.9998 240.3412 1.5178 1.6863 4.1978 -12.5669 1.4895 20.2846 3.1591 7.9308
Car -1 -1 -0.7557 1103.7285 164.4454 1240.0000 312.4159 1.7235 1.7816 4.0722 9.0186 1.4827 9.2904 0.0149 6.4527
Car -1 -1 1.5401 643.2390 182.0455 668.0046 204.6373 1.5437 1.6304 3.8944 3.3483 1.3283 51.0915 1.6055 2.5489
Car -1 -1 1.6228 564.6788 180.6454 592.8609 207.1794 1.7441 1.7196 4.1874 -1.9706 1.4448 49.3515 1.5829 0.3924
Car -1 -1 1.6191 554.0085 181.9734 589.1313 213.7479 1.5048 1.5778 3.6448 -1.7928 1.3523 35.8633 1.5691 -0.7886
