Car -1 -1 -1.7592 668.5425 175.9089 773.4440 258.2702 1.5643 1.5713 3.4192 2.2551 1.3887 15.3913 -1.6137 15.1900
Car -1 -1 -1.3811 391.5805 183.3243 518.1016 279.9986 1.5139 1.5902 3.4828 -2.6627 1.4854 13.0041 -1.5831 14.9838
Car -1 -1 -1.4753 517.7717 178.7400 562.2778 215.5472 1.4922 1.5687 3.6494 -2.8971 1.2308 30.9650 -1.5686 14.4047
Car -1 -1 -1.5899 629.3279 177.7885 666.7091 212.2536 1.4865 1.6115 3.8676 1.7684 1.1673 32.9614 -1.5363 14.0813
Car -1 -1 -1.9118 724.6671 186.9398 1056.2654 375.0000 1.5237 1.5936 3.6646 2.1892 1.5455 6.7627 -1.5987 11.6222
Car -1 -1 -1.2093 134.6299 171.3226 479.2944 375.0000 1.6256 1.7175 4.2591 -2.6538 1.5247 7.4200 -1.5528 10.9641
Car -1 -1 -1.3977 459.9712 180.7024 544.3312 242.3909 1.4902 1.5927 3.8638 -2.7712 1.3823 19.3165 -1.5402 8.3165
Car -1 -1 1.4728 561.7140 177.2704 582.2604 192.8579 1.5019 1.6721 3.7343 -3.5732 0.7375 71.2304 1.4227 4.2440
Car -1 -1 -1.6163 619.5142 171.5786 650.6131 201.9069 1.8292 1.7648 4.2639 1.6581 1.0078 45.4923 -1.5799 3.3904
Car -1 -1 -1.4675 642.2382 179.8027 670.1988 201.7074 1.5322 1.6424 3.8685 3.5433 1.1547 52.3261 -1.3999 -0.4454
Car -1 -1 -1.8302 645.5712 180.2992 685.7853 203.9053 1.4907 1.6622 4.0369 3.7557 1.1814 47.5269 -1.7514 -0.8493
