Car -1 -1 1.6628 519.4568 180.4015 579.4886 226.2606 1.4962 1.7348 4.3929 -2.0291 1.3402 25.6568 1.5839 15.8930
Car -1 -1 2.6557 903.3082 184.5445 1092.3334 238.9933 1.4029 1.5961 4.2122 10.3382 1.3867 19.3272 3.1468 13.3734
Car -1 -1 2.1934 0.0000 196.8158 191.9607 353.2587 1.4484 1.6012 3.9085 -7.0807 1.6259 8.9367 1.5233 12.3630
Car -1 -1 3.4774 227.6423 185.3491 423.8390 243.9342 1.5100 1.7466 4.6349 -7.5587 1.5149 19.4808 3.1073 10.6206
Car -1 -1 -2.5553 39.0339 184.6817 234.8563 247.3894 1.6360 1.7290 4.2278 -12.7910 1.6232 19.6340 -3.1328 6.8859
Car -1 -1 1.6089 550.9428 178.6776 586.0912 212.7145 1.5915 1.5923 3.8071 -1.9246 1.2870 35.5255 1.5548 6.6343
Car -1 -1 1.6369 644.2641 180.1560 674.7521 205.5005 1.5221 1.6546 4.0281 3.2752 1.2193 45.2761 1.7091 6.5471
Car -1 -1 -0.6672 1123.6965 170.3257 1240.0000 318.1136 1.6430 1.6901 3.8260 9.0088 1.4786 9.0487 0.1160 5.5784
Car -1 -1 -2.5930 62.9735 149.0693 315.7718 233.9927 2.6203 2.2666 6.9617 -13.4793 1.5061 23.3995 -3.1157 3.8623
Car -1 -1 1.6892 638.4703 180.9117 668.0476 203.8701 1.5475 1.6275 3.8917 3.2136 1.2586 50.5129 1.7528 3.3759
Car -1 -1 -1.7902 626.4611 180.2475 654.0245 198.5713 1.5287 1.5963 3.7190 2.7554 1.1153 61.9364 -1.7458 0.5261
Car -1 -1 1.6105 562.3112 181.5246 590.0580 208.2493 1.7226 1.7056 4.1246 -2.1078 1.4858 48.3963 1.5670 -0.5521
