Car -1 -1 -1.7953 674.6207 180.1483 809.0343 281.0643 1.5670 1.6079 3.3994 2.2023 1.4895 12.9001 -1.6262 14.6962
Car -1 -1 -1.3421 325.6047 189.0822 496.8097 316.6107 1.5124 1.5681 3.7126 -2.7030 1.5802 10.5091 -1.5939 14.0090
Car -1 -1 -1.3868 431.8791 185.2444 533.1926 257.8617 1.5043 1.6199 4.0556 -2.8547 1.5062 16.9310 -1.5539 13.6251
Car -1 -1 -1.6100 626.6705 182.0721 669.2732 221.6094 1.5687 1.6391 3.7780 1.6095 1.4451 30.4182 -1.5572 13.3395
Car -1 -1 -1.4639 506.4913 181.6486 556.3509 223.1851 1.5423 1.5910 3.5882 -3.0005 1.4110 28.4836 -1.5689 8.9996
Car -1 -1 2.0761 0.0000 189.9064 432.3974 375.0000 1.7124 1.7490 4.7349 -2.6771 1.7604 4.8147 1.5686 8.5982
Car -1 -1 1.4683 555.0250 179.7573 576.2280 196.1383 1.5233 1.6540 3.6773 -4.0628 1.0169 68.7933 1.4093 5.1194
Car -1 -1 -2.1176 755.5158 187.9719 1240.0000 375.0000 1.5032 1.5369 3.3990 2.1541 1.5286 4.5515 -1.6756 4.9742
Car -1 -1 -1.5730 619.8852 178.3824 650.1703 209.6441 1.7899 1.7340 4.1922 1.6074 1.3998 43.2792 -1.5359 3.2268
Car -1 -1 -1.6131 622.9489 181.5481 657.5179 213.3652 1.5203 1.5758 3.5872 1.5581 1.3462 36.1388 -1.5701 1.6690
Car -1 -1 -1.7757 629.1309 184.4798 662.7185 206.7923 1.4844 1.5930 3.7168 2.5823 1.4366 49.7790 -1.7239 1.2719
Car -1 -1 1.7668 556.0788 187.8203 587.3301 208.1368 1.5139 1.6637 4.1836 -2.7980 1.7271 56.3166 1.7172 -0.6109
