Car -1 -1 1.6291 546.7221 176.8084 592.2473 214.8222 1.4743 1.6559 4.1178 -1.5656 1.1494 29.9394 1.5769 12.1721
Car -1 -1 -2.1595 836.4212 115.1285 1240.0000 375.0000 1.7324 1.6575 4.0918 2.6668 1.5491 3.9387 -1.5643 12.0982
Car -1 -1 3.4321 317.6680 178.2230 460.2394 224.6480 1.4945 1.6790 4.2492 -7.2585 1.2705 23.9842 3.1382 10.4821
Car -1 -1 -0.3872 860.7235 178.1923 1019.9442 224.8457 1.4709 1.6862 4.4345 10.7726 1.2506 23.5938 0.0411 8.2937
Car -1 -1 -1.6300 653.6705 178.7860 678.6464 199.6852 1.3871 1.5105 3.3245 3.9621 0.9615 49.3845 -1.5499 6.0729
Car -1 -1 1.5840 578.4465 176.6097 602.1049 198.9202 1.5843 1.6800 4.0194 -1.2833 0.9743 53.0615 1.5598 1.8705
Car -1 -1 -1.1106 634.3788 179.9608 674.2206 199.5437 1.4426 1.5753 3.6662 3.5731 1.0566 54.9323 -1.0457 -0.0827
Car -1 -1 -0.7853 970.9643 162.6205 1195.6249 247.0834 1.4627 1.5484 3.4607 8.8591 1.0726 13.5580 -0.2065 -0.9923
Car -1 -1 1.6145 564.9974 176.3190 601.0273 213.9807 1.9806 1.8072 4.7752 -1.3526 1.5139 40.1976 1.5808 -1.0597
Car -1 -1 -1.7793 637.3239 176.7860 662.3318 193.2800 1.4791 1.5790 3.6542 3.8482 0.7243 66.3845 -1.7214 -1.3765
