Car -1 -1 1.6807 491.2605 176.6760 559.2181 227.6994 1.5116 1.7317 4.3327 -2.6325 1.2597 23.4603 1.5690 15.1814
Car -1 -1 3.5265 163.2770 182.0613 380.6980 247.3634 1.4723 1.6766 4.3931 -7.9142 1.4023 17.1453 3.0940 13.7779
Car -1 -1 -1.5897 631.7381 177.5249 659.7941 203.5734 1.4957 1.6045 3.5409 2.2163 1.0552 43.0691 -1.5382 12.6546
Car -1 -1 2.6062 924.0245 182.3625 1125.8529 244.2959 1.4352 1.5893 3.9981 9.9942 1.3702 17.4815 3.1255 11.1196
Car -1 -1 3.7313 0.0000 184.1040 168.6926 248.6016 1.4513 1.6041 3.7693 -12.8694 1.4274 17.0780 3.0855 8.2814
Car -1 -1 -1.4612 623.1605 178.9187 651.8565 201.5054 1.4641 1.5482 3.6354 2.0194 1.0570 48.5063 -1.4196 4.7434
Car -1 -1 1.6406 531.6544 176.7144 570.5566 212.6730 1.5757 1.5506 3.6034 -2.6098 1.2043 33.3048 1.5624 2.4592
Car -1 -1 3.7409 0.0000 164.0151 171.6923 375.0000 1.5794 1.6123 3.8820 -6.2078 1.4352 6.0920 2.9461 2.4108
Car -1 -1 -1.7480 611.6924 178.2707 638.0380 196.8571 1.4933 1.5617 3.6553 1.3764 0.9365 59.6784 -1.7250 -1.2867
Car -1 -1 -0.1875 603.2779 181.1805 663.1545 202.1357 1.4456 1.6165 3.9870 1.7546 1.1684 50.6903 -0.1529 -1.2990
