Car -1 -1 1.7440 181.9374 186.0917 310.0080 268.8012 1.5040 1.7062 4.3395 -7.6130 1.5268 15.4390 1.2859 12.6497
Car -1 -1 1.6631 283.9075 181.5916 343.5360 230.1483 1.5448 1.5761 3.6464 -10.1206 1.4307 24.8403 1.2762 10.6817
Car -1 -1 1.7393 427.6532 179.5458 474.9868 210.7117 1.4572 1.6338 4.0847 -7.7297 1.1932 35.6833 1.5260 10.5172
Car -1 -1 2.4402 810.7606 177.2574 1083.1133 267.5952 1.4331 1.6131 4.3705 5.9306 1.3080 12.7529 2.8755 8.5027
Car -1 -1 1.7094 322.6695 180.3927 364.5738 212.1719 1.6014 1.5997 3.6612 -14.0027 1.3595 38.1791 1.3578 5.2691
Car -1 -1 1.6130 425.6439 175.7518 457.9333 205.6044 1.6064 1.6237 3.8163 -9.3808 1.0983 40.7029 1.3865 4.3411
Car -1 -1 1.8905 354.8332 180.8576 386.4978 197.3730 1.4745 1.6089 3.9505 -21.7837 1.0865 66.1514 1.5723 0.7417
Car -1 -1 -2.7732 293.4383 186.4108 367.5075 212.1557 1.4801 1.5872 3.7368 -16.2627 1.5527 42.1935 -3.1411 -0.7836
Car -1 -1 1.8087 409.3772 180.0477 445.0713 201.3785 1.4726 1.6068 3.9228 -12.9280 1.1170 51.5910 1.5631 -0.9440
Car -1 -1 1.7681 437.3794 184.8723 470.9044 207.5258 1.4814 1.5548 3.5863 -10.4103 1.4601 48.8078 1.5580 -1.1279
