Car -1 -1 -1.3967 432.8474 183.3806 535.8945 260.1348 1.4605 1.5713 3.6272 -2.5787 1.4268 15.4960 -1.5616 15.1068
Car -1 -1 -1.7287 666.2995 176.9197 752.5674 246.3556 1.5504 1.5621 3.4603 2.3692 1.3663 17.7967 -1.5963 14.4829
Car -1 -1 -1.8181 700.3743 186.3610 914.9511 340.8154 1.5617 1.6412 3.8860 2.2307 1.5807 9.2452 -1.5813 12.6434
Car -1 -1 -1.3150 294.4804 173.0722 508.5825 328.4928 1.6827 1.7206 4.3161 -2.5832 1.5524 9.9384 -1.5693 11.4124
Car -1 -1 -1.6095 631.4040 178.0562 668.0782 210.6478 1.5154 1.6419 3.8330 1.9835 1.1837 35.3514 -1.5535 10.4674
Car -1 -1 -1.4719 527.7027 178.4255 570.8682 211.9712 1.4726 1.6176 4.0662 -2.7063 1.1756 33.6003 -1.5522 8.8471
Car -1 -1 -1.4431 623.6526 178.6456 655.4565 205.0892 1.6855 1.6382 3.8653 2.1339 1.2679 47.8615 -1.3985 2.9342
Car -1 -1 1.7328 465.4757 220.5724 495.6642 243.8235 1.4694 1.6116 3.7476 -9.3634 4.1720 53.0378 1.5581 2.7629
Car -1 -1 -1.5820 630.8601 174.7367 660.4285 202.7375 1.5243 1.6088 3.8063 2.1106 0.9550 41.0624 -1.5307 1.0775
Car -1 -1 1.6621 521.1944 195.1422 551.2372 219.4438 1.4690 1.6151 3.7628 -4.6495 2.1435 46.8784 1.5632 0.2173
Car -1 -1 1.6263 556.9975 184.0709 579.8383 203.3961 1.4955 1.6099 4.0290 -3.1374 1.4081 57.6423 1.5719 -0.3360
Car -1 -1 -1.6343 646.5183 180.0729 672.0010 202.0516 1.6081 1.6690 4.0916 3.8619 1.2330 54.6454 -1.5637 -1.2341
