Car -1 -1 -1.3428 362.6912 187.1461 508.5895 284.4713 1.4410 1.6057 4.0471 -2.8979 1.4818 12.7469 -1.5663 14.7865
Car -1 -1 -1.1647 49.9776 194.2027 433.7907 375.0000 1.5334 1.5270 3.5454 -2.7277 1.6341 6.1808 -1.5803 13.4409
Car -1 -1 -1.6311 626.2252 182.5257 677.4630 226.0055 1.4593 1.6112 3.6905 1.4877 1.3701 25.9702 -1.5738 12.7625
Car -1 -1 -1.4585 482.6754 182.5082 543.1434 229.0866 1.4429 1.6004 3.7695 -3.1497 1.3601 24.1625 -1.5881 11.7695
Car -1 -1 -1.8586 702.5699 181.4359 930.0015 344.5038 1.5502 1.5823 3.5222 2.1756 1.5154 8.6215 -1.6114 11.5858
Car -1 -1 -1.6285 621.3324 178.4632 661.8894 216.8948 1.6157 1.5807 3.8192 1.4254 1.3329 32.1369 -1.5841 5.8197
Car -1 -1 1.4737 549.8161 180.3419 571.8653 197.2718 1.4701 1.6160 3.6881 -4.2367 1.0480 64.3701 1.4080 3.8893
Car -1 -1 -1.4518 615.1487 174.3856 655.5982 208.5138 1.7410 1.7181 4.0037 1.5123 1.1896 38.7793 -1.4128 3.8395
Car -1 -1 -1.6088 638.4854 174.5135 660.4902 195.9014 1.8455 1.7886 4.4904 3.6880 0.9232 64.2855 -1.5515 1.6666
Car -1 -1 -1.4491 498.7734 185.3478 531.8256 210.5105 1.4798 1.5815 3.6610 -5.6590 1.4894 44.1258 -1.5767 -0.8873
Car -1 -1 1.7239 480.3314 184.8124 522.1872 214.4565 1.5714 1.7043 4.1306 -5.9207 1.5512 40.1734 1.5776 -1.1354
