Car -1 -1 -1.2963 243.8978 193.2219 474.9008 364.2771 1.5836 1.6412 3.6052 -2.7495 1.7015 8.6512 -1.6040 15.5038
Car -1 -1 -1.8223 681.2021 185.0054 842.4903 300.8079 1.5190 1.5865 3.4471 2.1615 1.5174 11.1940 -1.6316 14.0876
Car -1 -1 -1.3702 406.5467 188.6322 522.1449 269.6756 1.4721 1.6288 3.9013 -2.9207 1.5547 15.1782 -1.5603 13.7568
Car -1 -1 -1.6017 626.6639 185.4920 670.6410 225.5162 1.4886 1.6212 3.5426 1.5320 1.5014 28.5469 -1.5481 13.4577
Car -1 -1 -1.4973 498.1509 185.9046 547.7298 227.5015 1.4366 1.5660 3.6915 -3.1323 1.4652 26.7627 -1.6138 12.4494
Car -1 -1 -0.9181 0.0000 113.3054 365.9248 375.0000 1.7014 1.6371 4.1557 -2.6376 1.5831 3.2873 -1.5943 7.1786
Car -1 -1 -2.2141 830.9768 189.3970 1240.0000 375.0000 1.4675 1.5981 3.7413 2.1724 1.4960 2.8087 -1.5557 4.9228
Car -1 -1 1.6283 553.2431 183.8534 574.2360 200.4714 1.5078 1.7313 4.0755 -4.0961 1.3853 67.2609 1.5674 4.8392
Car -1 -1 -1.6134 614.6653 183.8031 645.7515 211.7447 1.5319 1.6197 3.6641 1.2215 1.4556 41.2504 -1.5838 4.6905
Car -1 -1 -1.6113 622.7906 183.4931 660.4831 218.2581 1.5725 1.6347 3.9856 1.5414 1.4958 34.5089 -1.5667 2.5206
Car -1 -1 1.6425 543.2144 194.0298 569.4430 215.2910 1.4518 1.6352 4.0972 -3.7610 2.1259 52.8311 1.5715 -0.4150
