Car -1 -1 1.7106 334.7181 178.9843 434.5978 248.4150 1.5101 1.7527 4.5422 -5.4712 1.3757 18.0101 1.4157 12.4548
Car -1 -1 2.4879 884.9353 171.4718 1157.0184 260.1380 1.5511 1.7190 4.3725 7.7415 1.3118 13.7287 3.0013 9.3809
Car -1 -1 3.6212 0.0000 190.6765 151.4890 303.9762 1.5153 1.6892 4.0579 -9.6550 1.6102 11.0370 2.9025 7.6962
Car -1 -1 1.7018 528.1507 173.9006 569.0367 205.2013 1.5725 1.6530 4.0201 -3.1149 1.0052 38.1589 1.6203 7.6244
Car -1 -1 1.6255 404.4360 177.0457 452.6858 220.2254 1.5392 1.5954 3.7594 -6.8564 1.2491 27.6163 1.3821 7.4415
Car -1 -1 -1.4888 524.2093 178.6453 555.3842 204.9260 1.5179 1.5801 3.6498 -4.0849 1.1396 43.3507 -1.5828 4.5262
Car -1 -1 1.6317 430.1460 175.4951 464.6422 206.6027 1.6960 1.6920 4.0904 -9.1993 1.1672 41.3419 1.4127 4.4349
Car -1 -1 1.5149 513.4594 174.3959 538.3186 196.0190 1.5838 1.6540 4.0133 -6.2865 0.7924 54.7680 1.4006 -0.4278
Car -1 -1 -1.3326 435.3402 182.4351 470.7459 203.0642 1.4593 1.6330 4.0759 -11.3560 1.2637 52.9055 -1.5440 -0.9419
Car -1 -1 1.9667 417.8638 176.4517 469.6439 204.7135 1.7078 1.7105 4.2238 -10.3728 1.1793 45.6619 1.7433 -1.0508
Car -1 -1 1.5161 520.1214 180.4175 548.6538 203.8116 1.4487 1.6118 4.1312 -4.8259 1.1527 46.6787 1.4131 -1.3159
