Car -1 -1 2.1136 0.0000 211.8505 268.1375 375.0000 1.4070 1.6089 4.1312 -5.7636 1.8016 8.5104 1.5183 14.5363
Car -1 -1 -0.2068 722.9377 175.8807 915.3229 247.4976 1.5305 1.6177 3.9292 4.6210 1.3321 16.3014 0.0694 12.8390
Car -1 -1 -0.1879 663.1056 179.8137 801.6325 223.5079 1.4209 1.6129 4.3714 4.0858 1.2464 24.2253 -0.0209 10.7020
Car -1 -1 -0.5346 838.3721 177.2997 1240.0000 363.7869 1.5058 1.6170 3.7049 4.1887 1.4430 6.6588 0.0269 9.8048
Car -1 -1 -0.4965 794.0555 178.1788 1141.6940 309.1906 1.5081 1.5496 3.6644 4.3628 1.4282 9.1386 -0.0511 9.3509
Car -1 -1 -0.3413 765.2105 171.6001 986.6001 257.1670 1.5905 1.5883 3.7700 5.1116 1.3386 14.1621 0.0051 8.7524
Car -1 -1 -0.3775 766.3137 178.0555 1042.3824 275.8556 1.4901 1.6130 3.8500 4.6474 1.3821 11.7574 -0.0011 7.9138
Car -1 -1 1.7057 490.9219 186.5096 523.8705 210.1079 1.4849 1.6327 3.9982 -6.6020 1.5750 47.4502 1.5674 2.9465
Car -1 -1 -0.2327 627.9051 179.8613 683.7176 199.8221 1.5249 1.6492 4.0716 3.7136 1.1170 56.0631 -0.1666 2.4822
Car -1 -1 -1.1219 653.7785 177.6580 724.9339 213.9661 1.4886 1.6114 3.7949 3.5993 1.1798 31.5025 -1.0082 0.0852
Car -1 -1 1.8634 493.9092 188.6482 529.9732 209.6492 1.4388 1.5814 3.6914 -6.8858 1.6967 51.8311 1.7313 -0.6873
