Car -1 -1 2.0243 79.2482 204.9729 335.0112 331.6316 1.4335 1.6524 4.2124 -5.7650 1.7937 10.9287 1.5389 15.2961
Car -1 -1 -0.3660 789.1198 176.0775 1154.8341 306.8919 1.4938 1.6288 3.8273 4.3483 1.3906 9.1642 0.0771 11.2661
Car -1 -1 -0.2291 707.2302 177.7472 860.0637 236.6897 1.4857 1.5555 3.6407 4.4972 1.2986 18.9019 0.0045 10.2923
Car -1 -1 -0.1769 661.8631 177.3234 793.0333 217.2930 1.4431 1.6703 4.6016 4.3547 1.1592 26.8212 -0.0159 9.4202
Car -1 -1 -0.4018 756.0943 177.9023 1034.7506 278.1332 1.4994 1.5890 3.8672 4.4570 1.3911 11.6124 -0.0353 8.6383
Car -1 -1 -0.8016 918.6866 183.2452 1240.0000 375.0000 1.6124 1.6176 3.7515 4.1441 1.6036 4.5722 -0.0653 7.7808
Car -1 -1 -0.3370 741.1863 178.9564 966.2876 255.7137 1.4411 1.5800 3.9391 4.7334 1.3247 14.3169 -0.0177 7.6990
Car -1 -1 1.6976 499.5626 186.9358 529.8922 207.9117 1.3916 1.5943 4.0712 -6.4564 1.5174 50.0582 1.5693 5.2502
Car -1 -1 1.8631 487.3494 183.2088 530.9784 208.7483 1.5600 1.6449 4.1520 -6.2867 1.4386 46.0854 1.7276 0.7412
Car -1 -1 3.2462 624.3545 179.9868 671.2433 198.5476 1.4777 1.5996 3.6512 3.2501 1.0625 58.3064 3.3018 -0.9358
Car -1 -1 -0.5729 734.3932 174.2412 907.8810 247.1582 1.5847 1.6793 3.5825 4.9456 1.3474 16.9344 -0.2888 -1.0141
