Car -1 -1 1.8718 344.7488 177.0728 448.2981 249.9142 1.8827 1.6831 4.1763 -5.9726 1.6734 20.6806 1.5906 15.5512
Car -1 -1 1.7588 454.9300 184.3137 503.7439 216.0095 1.4949 1.6572 4.1596 -6.3916 1.4535 35.9905 1.5830 11.3697
Car -1 -1 -0.3566 719.7241 170.0046 943.7137 254.8294 1.6519 1.6657 4.1275 4.5047 1.3568 14.9592 -0.0641 10.9831
Car -1 -1 1.7896 407.9816 183.1705 474.5607 231.8840 1.7082 1.6277 3.9714 -6.2457 1.6376 27.1955 1.5638 10.5355
Car -1 -1 -0.6862 835.9166 184.6421 1240.0000 339.8945 1.4166 1.5960 3.9814 4.6134 1.4125 7.6273 -0.1422 9.0616
Car -1 -1 -0.3506 740.9448 155.5100 950.4680 244.5471 2.1593 1.8015 4.7685 5.9363 1.4400 18.4228 -0.0389 6.5610
Car -1 -1 1.7004 489.7831 185.2044 522.9337 208.7673 1.4523 1.6141 3.9879 -6.5095 1.4527 46.3050 1.5608 6.3239
Car -1 -1 3.0719 644.5493 179.1759 729.7581 215.1374 1.6560 1.6398 3.8958 3.6687 1.3790 33.9926 3.1794 6.0916
Car -1 -1 1.8556 492.7590 185.7147 530.1131 207.9195 1.4714 1.5881 3.6837 -6.6312 1.5083 49.6587 1.7228 2.6084
Car -1 -1 -1.4526 623.3571 179.9632 654.8103 204.3858 1.5224 1.6237 3.6726 2.0510 1.1961 46.7504 -1.4088 0.3605
