Car -1 -1 1.9822 147.2191 201.3975 358.1846 313.8103 1.4895 1.6691 4.0669 -5.7621 1.8110 12.1718 1.5401 16.1978
Car -1 -1 -0.4007 766.6125 179.3944 1081.0884 290.6857 1.4926 1.6358 3.8593 4.3745 1.4157 10.4645 -0.0048 10.9599
Car -1 -1 -0.2054 703.6043 173.3200 853.5353 230.8445 1.5389 1.6627 3.8137 4.6417 1.2218 20.0993 0.0216 10.8537
Car -1 -1 -0.1570 663.5523 176.0902 782.0062 216.4989 1.5282 1.7172 4.3439 4.3799 1.1842 28.0459 -0.0021 9.0030
Car -1 -1 -0.6683 865.9023 179.1047 1240.0000 375.0000 1.4867 1.6558 3.9379 4.3034 1.4459 5.8141 -0.0312 7.4309
Car -1 -1 -0.3391 744.4806 180.0919 986.5329 266.7665 1.4509 1.5791 3.7534 4.4222 1.3663 12.8330 -0.0072 6.5911
Car -1 -1 -0.3320 732.0736 177.8334 929.2144 251.4182 1.5085 1.6205 3.7658 4.6952 1.3583 15.6179 -0.0399 4.9519
Car -1 -1 1.6842 504.7776 185.1642 532.9999 205.9375 1.4328 1.5719 3.9721 -6.3562 1.4304 51.5708 1.5616 2.7875
Car -1 -1 -0.0971 629.3209 179.8994 675.6195 197.3534 1.4317 1.5768 3.7081 3.6846 0.9968 59.8163 -0.0356 0.5248
Car -1 -1 1.2141 480.1468 182.4662 524.6436 206.3748 1.4935 1.5825 3.9841 -6.9584 1.3229 47.0269 1.0672 0.0589
