Car -1 -1 2.8448 698.6142 180.8937 911.9674 252.5244 1.4342 1.6157 4.0737 4.0420 1.3488 15.2743 3.1035 12.1430
Car -1 -1 -0.5464 842.3797 171.5192 1240.0000 334.5288 1.5035 1.6182 4.0040 4.6460 1.3783 7.4574 0.0108 10.1152
Car -1 -1 -0.1279 662.3940 176.9451 761.7532 218.3783 1.5121 1.5875 3.5213 3.8304 1.2114 27.0471 0.0127 7.9161
Car -1 -1 -1.9250 687.8594 178.7598 801.1611 242.5673 1.4747 1.6053 3.9038 3.3673 1.3267 18.6729 -1.7465 3.7782
Car -1 -1 -0.3414 669.1444 178.8845 785.5891 222.5083 1.4484 1.5657 3.6759 4.0780 1.2393 24.9625 -0.1795 3.5317
Car -1 -1 -0.0803 632.5744 180.4800 693.4706 204.1194 1.5199 1.6286 3.8522 3.5594 1.2165 47.0372 -0.0047 3.2069
Car -1 -1 -0.2395 684.2486 174.0946 816.4315 227.4658 1.6033 1.6978 3.7643 4.3577 1.2703 22.5301 -0.0485 2.6326
Car -1 -1 -3.2110 628.1449 182.6460 691.5922 208.2575 1.4927 1.5873 3.6539 3.0334 1.3441 42.6898 -3.1401 1.3695
Car -1 -1 -0.7550 996.1469 165.4218 1240.0000 375.0000 1.5809 1.5775 3.5997 4.9921 1.4605 5.2153 0.0085 0.2171
Car -1 -1 1.6992 499.7645 187.5666 530.3836 209.0633 1.4438 1.6214 4.2316 -6.5323 1.6181 50.8556 1.5715 -0.7736
