Car -1 -1 2.1107 25.2634 201.7661 334.8121 345.0660 1.5194 1.7393 4.4002 -5.7512 1.8104 10.3604 1.6039 17.5929
Car -1 -1 1.8824 356.1926 194.4503 460.4378 252.1903 1.4378 1.6728 4.2093 -5.6442 1.7327 20.7218 1.6165 14.7874
Car -1 -1 1.7973 416.4509 189.3051 487.8837 237.9550 1.5970 1.6640 3.9749 -5.5546 1.7570 25.9298 1.5863 14.0536
Car -1 -1 1.7127 476.8938 189.6970 518.9932 219.4048 1.3821 1.5670 3.7220 -5.4572 1.6185 35.8702 1.5617 11.5858
Car -1 -1 -0.4323 788.5401 175.7529 1087.2494 290.8592 1.5459 1.5665 3.6327 4.6009 1.4199 10.4664 -0.0181 10.2146
Car -1 -1 -0.4164 757.6701 180.5968 999.9578 272.1292 1.5128 1.5974 3.7078 4.6639 1.4376 12.7982 -0.0669 9.4145
Car -1 -1 2.6552 831.4964 177.6413 1240.0000 326.3238 1.4611 1.6018 3.8160 4.5645 1.3878 7.9292 3.1775 7.4245
Car -1 -1 -0.3130 727.3221 179.5369 925.5292 253.8776 1.4964 1.6032 3.7246 4.5090 1.3833 15.3175 -0.0267 7.2101
Car -1 -1 -0.2445 692.5704 185.7957 834.5318 241.3781 1.4435 1.5824 3.4873 4.1189 1.4611 19.5382 -0.0367 6.9021
Car -1 -1 -0.0778 644.6564 181.7188 699.1634 201.6496 1.4138 1.5639 3.7991 4.5724 1.1668 51.7884 0.0103 0.0197
Car -1 -1 -1.5199 671.3010 179.7228 714.1785 217.3371 1.4964 1.6275 3.5877 3.6187 1.2790 30.4991 -1.4018 -0.1162
