Car -1 -1 1.8155 534.6727 181.3169 603.1580 235.1725 1.9008 1.6621 4.1538 -1.4384 1.7644 27.5658 1.7634 14.0775
Car -1 -1 -0.4461 851.6936 189.7262 1143.1476 276.6109 1.4352 1.6274 4.3075 6.7396 1.5226 12.8552 0.0368 10.5300
Car -1 -1 -0.2404 810.7659 181.5348 988.8234 241.0270 1.5681 1.7265 4.3188 7.9785 1.4722 20.0952 0.1376 8.6000
Car -1 -1 -0.5960 975.6959 161.9113 1240.0000 370.6432 1.5853 1.7728 4.6384 6.1521 1.4095 6.6760 0.1486 6.4994
Car -1 -1 -0.3208 799.3338 167.9241 968.0311 234.8053 2.0835 1.9235 4.7711 8.8356 1.5460 23.4460 0.0396 5.9912
Car -1 -1 -0.0965 767.8138 185.9605 844.2981 215.7890 1.5662 1.6106 3.8506 10.6479 1.6089 38.9186 0.1706 4.7970
Car -1 -1 1.5642 604.6001 185.0785 633.4136 213.4791 1.6200 1.6437 3.9704 0.6300 1.6134 42.9935 1.5789 4.6556
Car -1 -1 1.7933 565.4358 186.0863 619.1154 223.1150 1.6300 1.6797 4.0384 -0.6957 1.6748 33.8878 1.7728 4.3907
Car -1 -1 1.3491 618.5202 186.6100 651.7849 208.2457 1.5153 1.6272 3.8205 1.9473 1.6224 52.6305 1.3861 2.0799
Car -1 -1 -0.1608 767.0136 185.2486 841.8001 211.7213 1.4946 1.6421 3.9605 11.3025 1.4977 41.6068 0.1045 1.9831
Car -1 -1 -1.9648 760.5187 182.9244 813.5530 209.1419 1.5288 1.6662 4.1939 10.9052 1.3963 44.1123 -1.7224 0.3711
Car -1 -1 1.1388 772.1197 184.5704 847.2119 223.2609 1.5671 1.6424 3.8928 8.6260 1.5421 31.1664 1.4089 -0.3699
Car -1 -1 -0.6682 741.3493 183.9429 799.0793 205.0115 1.4640 1.6040 3.8750 11.6261 1.3767 51.5066 -0.4462 -0.6683
