Car -1 -1 1.9549 275.2324 198.8252 425.1022 277.0838 1.4398 1.6738 4.2347 -5.6114 1.7871 16.1272 1.6200 15.6124
Car -1 -1 1.8406 373.7795 190.9435 467.8127 250.2036 1.5700 1.7024 3.9946 -5.4917 1.7581 21.4440 1.5899 14.9541
Car -1 -1 1.7215 457.3553 189.6688 508.8496 225.4833 1.4386 1.6431 3.9058 -5.3982 1.6460 31.3291 1.5508 14.5377
Car -1 -1 -0.2465 718.1715 181.4349 933.3147 256.8981 1.4785 1.6326 4.0033 4.3592 1.4055 14.9696 0.0368 12.7642
Car -1 -1 -0.5736 836.3520 178.2034 1240.0000 325.6328 1.4979 1.6104 3.8332 4.7354 1.4278 8.1996 -0.0499 12.7356
Car -1 -1 2.3621 0.0000 216.2606 182.8733 375.0000 1.4915 1.6470 4.0362 -5.6893 1.8416 6.0311 1.6059 11.5619
Car -1 -1 -0.6043 915.7116 171.7983 1240.0000 375.0000 1.5510 1.6808 4.1315 4.8552 1.4627 5.8090 0.0919 9.3843
Car -1 -1 -0.3787 779.9323 181.6278 1065.8734 290.9229 1.4957 1.5606 3.5511 4.4555 1.4477 10.6451 0.0176 8.8102
Car -1 -1 -0.7896 1098.0022 173.1051 1240.0000 375.0000 1.4634 1.6220 3.9315 4.8021 1.4272 3.3485 0.1723 6.8834
Car -1 -1 -0.2472 648.7817 178.4759 713.9319 203.2078 1.5887 1.6282 3.9833 4.7938 1.1569 47.2685 -0.1461 2.1670
Car -1 -1 -1.6800 676.9612 176.9299 736.4752 225.2324 1.6179 1.7230 3.6198 3.4512 1.3415 25.9036 -1.5475 1.1461
Car -1 -1 -0.2357 609.7244 192.1774 661.1710 210.7391 1.4256 1.6113 3.8227 2.1755 1.9925 57.2475 -0.1977 -0.4105
