Car -1 -1 1.8852 314.4993 177.7784 426.8043 256.1773 1.8516 1.6467 3.9938 -6.1479 1.6771 18.9717 1.5719 16.4484
Car -1 -1 1.7768 439.5671 183.8123 490.6633 218.1997 1.5424 1.6228 3.8870 -6.7496 1.4805 34.1910 1.5819 13.4873
Car -1 -1 1.7984 387.2074 183.4071 457.3998 234.9396 1.6931 1.6041 3.7483 -6.5289 1.6348 25.5068 1.5479 11.5632
Car -1 -1 -0.3733 722.1687 168.0347 974.4649 273.4162 1.8224 1.7094 4.1227 4.3117 1.5264 13.4085 -0.0621 8.8588
Car -1 -1 -3.2272 642.1910 176.0006 738.3157 214.0885 1.6736 1.7193 4.1804 3.6342 1.2698 32.4962 -3.1159 6.8453
Car -1 -1 1.7404 473.4750 183.2185 512.1046 209.6224 1.5637 1.6787 4.2551 -7.1184 1.4466 44.7061 1.5825 6.0214
Car -1 -1 -0.8185 877.0457 180.7877 1240.0000 375.0000 1.4909 1.6729 4.2199 4.6271 1.4618 6.0971 -0.1694 6.0129
Car -1 -1 -0.2762 702.9563 161.8231 912.6071 246.1677 1.8684 1.7900 4.4075 4.5162 1.3514 16.8470 -0.0143 4.9036
Car -1 -1 1.8747 480.6026 185.2102 520.1721 208.3742 1.5166 1.6248 3.7446 -7.2988 1.5173 49.0364 1.7269 2.6073
Car -1 -1 -0.5053 616.0350 177.2852 686.9662 202.0409 1.4862 1.6695 4.1192 2.7078 1.0113 44.7939 -0.4449 -0.8110
