Car -1 -1 2.0608 106.9696 203.8561 360.9298 325.7018 1.4553 1.7056 4.2680 -5.6112 1.8083 11.4040 1.6035 17.5510
Car -1 -1 1.7591 427.7252 189.2936 493.7431 231.3165 1.4251 1.6585 4.1998 -5.4429 1.5907 26.8925 1.5594 16.3312
Car -1 -1 1.9116 299.3983 191.7286 432.3034 270.9707 1.5780 1.6363 4.0841 -5.4846 1.7492 16.7107 1.5944 15.0579
Car -1 -1 -0.2204 694.9420 180.7590 856.2020 235.5509 1.4811 1.6491 4.1607 4.5930 1.3618 20.2580 0.0025 11.7000
Car -1 -1 -0.3804 768.1215 182.5939 1118.1256 293.3065 1.4539 1.6699 4.2499 4.5547 1.4206 10.3439 0.0344 11.3714
Car -1 -1 -0.6239 888.6504 186.4806 1240.0000 375.0000 1.5756 1.6552 3.6905 4.4767 1.5888 6.0465 0.0134 10.8163
Car -1 -1 -0.3441 753.2357 179.8824 1007.8847 271.8817 1.5413 1.6073 3.9440 4.6852 1.4530 12.8535 0.0054 9.1596
Car -1 -1 -0.0939 654.9174 177.7999 728.6655 204.6006 1.5520 1.6659 4.1900 4.8974 1.1237 42.5017 0.0208 5.9542
Car -1 -1 -0.2930 725.4972 193.1092 929.8594 258.1922 1.3001 1.4540 3.8953 4.5232 1.4770 15.2712 -0.0050 4.7182
Car -1 -1 -1.6891 684.2177 177.1250 747.3674 232.1617 1.8415 1.7733 4.1312 3.7974 1.5719 26.1363 -1.5448 3.3622
