Car -1 -1 1.8359 478.0678 180.2868 554.0110 235.7030 1.8475 1.7199 4.0891 -3.2703 1.6843 26.1070 1.7113 16.2903
Car -1 -1 2.6548 825.5656 184.2765 1108.3216 281.1367 1.5061 1.5826 3.9612 5.8238 1.4926 12.0359 3.1055 13.2347
Car -1 -1 -0.2389 768.8099 177.3165 939.8183 243.8428 1.6948 1.7134 4.0541 6.4658 1.4947 19.3332 0.0838 10.9062
Car -1 -1 1.7878 515.9882 185.7171 570.6271 221.9928 1.5391 1.6500 3.9889 -2.8897 1.5645 32.6380 1.6995 9.2116
Car -1 -1 -0.7072 960.5779 165.6190 1240.0000 375.0000 1.5537 1.7354 4.4430 5.4752 1.4215 5.8541 0.0447 8.3184
Car -1 -1 1.7616 551.6118 185.5460 591.2377 213.0357 1.5038 1.5869 3.7972 -2.0693 1.5248 41.3592 1.7116 6.5940
Car -1 -1 -0.0685 724.1238 181.6050 802.3456 212.5184 1.6015 1.6554 3.9690 8.2029 1.4156 38.3374 0.1423 3.9256
Car -1 -1 1.5962 579.7244 185.0177 603.1275 206.5840 1.4862 1.5792 3.9426 -1.1577 1.4737 51.5080 1.5737 3.3457
Car -1 -1 -0.3337 751.8693 180.0643 895.2351 232.1671 1.6002 1.6794 4.0676 6.7917 1.4431 23.0074 -0.0466 1.9239
Car -1 -1 -1.1744 703.7492 181.9227 746.4031 203.3488 1.4581 1.6040 3.9053 8.3400 1.2351 50.9969 -1.0123 -0.8089
