Car -1 -1 2.0580 97.2355 200.8180 357.5116 326.0347 1.5199 1.7377 4.4550 -5.7548 1.8202 11.5302 1.5950 17.2527
Car -1 -1 1.8728 368.8548 194.2352 467.1243 248.6058 1.4353 1.6872 4.2609 -5.6721 1.7380 21.8609 1.6189 14.6566
Car -1 -1 1.7866 427.4652 187.4149 491.3064 235.6183 1.6719 1.5636 3.8371 -5.5345 1.7616 27.0338 1.5847 11.7820
Car -1 -1 -0.3896 769.9213 178.8700 1059.3987 279.3955 1.5049 1.6127 3.9700 4.7276 1.4110 11.5674 -0.0017 11.3803
Car -1 -1 1.6771 480.9527 188.7343 519.4306 218.1433 1.4180 1.5632 3.8661 -5.5289 1.6103 37.0910 1.5291 10.4583
Car -1 -1 -0.4510 814.9263 171.7023 1206.1000 314.5286 1.6191 1.6421 3.9796 4.7692 1.4670 9.0348 0.0347 10.0065
Car -1 -1 -0.4773 743.3019 179.3793 972.9411 263.8771 1.5101 1.6063 3.9044 4.7238 1.4070 13.9302 -0.1504 7.7721
Car -1 -1 -0.2624 719.3289 179.6399 903.5266 249.3393 1.5146 1.6121 3.7567 4.5056 1.3946 16.4336 0.0052 7.7578
Car -1 -1 -0.2140 689.1918 184.0922 830.5334 236.7077 1.4564 1.6151 3.7234 4.2646 1.4265 20.7229 -0.0111 5.9570
Car -1 -1 -0.0796 643.7469 181.0215 696.1337 201.9272 1.5171 1.6089 3.7280 4.5349 1.2138 52.9763 0.0058 0.9136
Car -1 -1 1.7475 458.0239 190.2573 492.0594 212.9611 1.4534 1.6179 3.8801 -8.9900 1.8106 48.8230 1.5654 0.7823
