Car -1 -1 1.8461 382.1731 178.6123 471.2412 244.2997 1.8548 1.6318 4.0742 -5.5494 1.6694 22.3562 1.6027 17.1353
Car -1 -1 -0.3248 726.5930 175.4335 930.2261 248.9575 1.5824 1.6651 4.1154 4.8723 1.3730 16.3730 -0.0356 10.6312
Car -1 -1 1.7910 431.2882 186.0496 492.4417 229.6094 1.6152 1.6120 3.7064 -5.7631 1.6517 28.5930 1.5921 8.7116
Car -1 -1 1.7290 477.5255 185.5912 519.3273 216.1699 1.5153 1.5772 3.8356 -5.6924 1.5371 37.5891 1.5787 7.8447
Car -1 -1 2.4815 809.9038 185.5335 1188.4245 315.3092 1.4326 1.5927 4.1033 4.7808 1.4382 9.0795 2.9661 7.6575
Car -1 -1 2.8904 700.2584 160.1965 890.2575 240.9093 2.1338 1.8199 4.7877 5.0333 1.4735 19.9196 3.1379 5.9007
Car -1 -1 1.6757 505.1996 185.7769 536.1269 208.8979 1.4721 1.6298 4.0831 -5.7843 1.5123 47.9196 1.5555 5.7968
Car -1 -1 -0.0730 661.8851 181.9310 741.7215 215.1566 1.5940 1.6480 3.7850 4.5494 1.4375 35.4094 0.0547 5.3970
Car -1 -1 1.8150 510.4065 186.5829 544.3239 208.0374 1.5063 1.6170 3.7317 -5.8685 1.6113 52.6728 1.7041 3.5408
Car -1 -1 -1.8516 669.9062 182.9266 738.5501 222.6540 1.4704 1.6314 4.0984 3.7308 1.3868 28.7519 -1.7226 -0.1850
