Car -1 -1 2.0053 208.3000 200.4899 400.0978 298.1556 1.4873 1.7087 4.2834 -5.6010 1.8282 13.8062 1.6199 20.1873
Car -1 -1 1.7497 443.9095 188.7668 502.9600 228.2796 1.4733 1.6614 4.0467 -5.4091 1.6287 29.1919 1.5665 16.0855
Car -1 -1 1.8601 344.9114 190.2727 450.1912 259.2071 1.6047 1.6020 3.9346 -5.4570 1.7534 18.9948 1.5804 14.3401
Car -1 -1 -0.3024 739.8315 181.3141 1021.8885 271.3948 1.4684 1.6759 4.3321 4.5733 1.4059 12.6476 0.0446 11.0133
Car -1 -1 -0.7262 917.2639 175.9104 1240.0000 375.0000 1.5453 1.6465 4.1012 4.8814 1.4818 5.8826 -0.0335 10.0795
Car -1 -1 -0.5165 821.7629 179.2746 1227.7995 319.9230 1.4800 1.5914 3.8237 4.5964 1.4186 8.3847 -0.0150 9.6475
Car -1 -1 -1.6937 687.3515 177.2898 752.8942 230.7435 1.6105 1.6865 3.3657 3.5328 1.3729 23.3604 -1.5436 6.6517
Car -1 -1 -0.7988 1066.2316 168.3928 1240.0000 375.0000 1.4514 1.5962 3.8887 4.8062 1.3891 3.7197 0.1134 3.5562
Car -1 -1 -0.3665 728.5408 176.7433 935.1016 254.4715 1.5563 1.6681 3.8725 4.6425 1.3878 15.3625 -0.0730 2.1635
Car -1 -1 -1.4787 653.8571 177.3913 683.8904 200.5065 1.4154 1.5727 3.8338 3.9273 0.9374 46.0400 -1.3936 1.0601
Car -1 -1 -1.6737 682.6438 178.4023 737.5450 226.1486 1.7485 1.7295 3.9204 3.9172 1.5002 28.3107 -1.5362 -0.8300
