Car -1 -1 1.8416 418.8156 178.9060 502.1780 242.5266 1.9355 1.6761 4.1216 -4.8389 1.7447 23.9817 1.6425 14.4245
Car -1 -1 -0.2931 734.7262 176.5448 929.7138 245.8695 1.6215 1.7165 4.2575 5.3562 1.4198 17.6713 0.0012 11.2763
Car -1 -1 1.7687 465.7905 186.0749 521.1781 227.4503 1.6375 1.6096 3.7476 -4.8034 1.6773 30.4316 1.6122 10.0521
Car -1 -1 -0.5624 809.5354 188.2173 1133.3387 296.5581 1.4011 1.5365 3.9501 5.0481 1.4494 10.3225 -0.1076 8.2012
Car -1 -1 -0.3241 753.0158 161.8865 914.0281 229.8181 1.9113 1.7200 4.1845 6.5052 1.2561 21.1349 -0.0256 7.7420
Car -1 -1 -0.0334 676.5198 181.5207 756.0014 214.3747 1.6297 1.6528 3.9251 5.4663 1.4475 36.6997 0.1145 5.6796
Car -1 -1 1.7055 506.1916 187.2309 543.7876 216.5856 1.5083 1.5615 3.5707 -4.4718 1.6238 38.9817 1.5913 4.8197
Car -1 -1 1.4945 531.4957 186.0398 559.4964 208.4651 1.4757 1.6127 4.0542 -4.3526 1.5361 49.5875 1.4069 4.2617
Car -1 -1 -1.5664 706.5907 184.3433 754.6785 229.6358 1.6089 1.6931 3.9299 4.6820 1.5790 27.6123 -1.3985 0.1660
Car -1 -1 1.4676 548.3663 188.9089 573.9944 209.6815 1.5224 1.5920 3.6800 -3.6311 1.8178 55.3206 1.4020 -0.2951
Car -1 -1 1.5025 529.3397 187.9533 558.5355 212.1865 1.4782 1.6066 3.8787 -4.1751 1.6637 46.3496 1.4127 -0.5441
Car -1 -1 -0.5234 654.3137 183.5922 715.8626 205.8017 1.4675 1.6069 3.8911 5.2542 1.3614 49.0169 -0.4166 -1.0764
