Car -1 -1 2.0914 0.0000 209.3008 306.5848 360.8900 1.4534 1.6606 4.1818 -5.7752 1.8490 9.6631 1.5527 17.1237
Car -1 -1 -0.1745 664.3955 179.9644 800.3644 221.0213 1.4102 1.6210 4.5383 4.3087 1.2309 25.5134 -0.0072 11.8530
Car -1 -1 -0.4281 773.3349 180.7269 1091.6385 291.2434 1.4650 1.5948 3.8735 4.4643 1.4066 10.3640 -0.0214 8.7055
Car -1 -1 -0.4251 815.3043 173.0317 1231.7633 332.1214 1.5456 1.6301 3.6232 4.2561 1.4284 7.9168 0.0682 8.6892
Car -1 -1 -0.3385 753.8545 179.8083 997.4745 267.3080 1.4856 1.6008 3.8145 4.6639 1.3950 13.0126 0.0056 8.5468
Car -1 -1 -0.2201 716.4675 176.9569 889.1876 242.7105 1.5273 1.6301 3.8055 4.6186 1.3366 17.5778 0.0368 6.8064
Car -1 -1 -0.0776 630.6509 180.0685 681.9213 199.1357 1.4975 1.6422 3.9600 3.8249 1.0944 57.2977 -0.0109 4.4658
Car -1 -1 -0.8785 1004.5790 194.8101 1240.0000 375.0000 1.4492 1.5953 3.6019 4.0310 1.5056 3.3410 0.0002 2.7288
Car -1 -1 1.7007 495.6684 187.1860 526.5219 210.0036 1.4707 1.5887 3.8012 -6.5116 1.6102 48.5629 1.5674 1.7879
Car -1 -1 -0.6746 746.1324 175.0713 923.2585 252.5110 1.5400 1.6361 3.4125 4.8845 1.3394 15.6745 -0.3725 1.6837
Car -1 -1 -0.2754 642.4139 177.9638 720.6405 211.0876 1.6792 1.6574 3.7579 3.7999 1.3127 37.5802 -0.1746 0.6240
Car -1 -1 1.7015 493.8291 188.2519 525.8032 212.8116 1.4843 1.5670 3.5277 -6.2042 1.6857 45.6449 1.5664 -0.1780
