Car -1 -1 1.7994 404.4036 192.3753 481.8048 239.2864 1.4164 1.6483 4.2140 -5.5306 1.6822 24.4582 1.5770 17.5456
Car -1 -1 2.1672 0.0000 210.2585 309.6715 375.0000 1.4393 1.6715 4.3908 -5.6163 1.8328 9.0308 1.6109 15.5752
Car -1 -1 1.9356 238.8417 196.5122 402.8387 290.4276 1.5450 1.6676 4.0679 -5.5450 1.8037 14.3493 1.5668 15.4026
Car -1 -1 -0.2374 702.7922 183.0052 880.9483 244.7736 1.4661 1.6392 4.0168 4.4339 1.4148 17.8893 0.0055 12.5103
Car -1 -1 -0.4051 780.4009 182.2960 1111.0432 293.6679 1.5069 1.6173 4.0943 4.7229 1.4685 10.5627 0.0154 11.0609
Car -1 -1 -0.4228 811.1010 190.0964 1240.0000 342.7932 1.4709 1.6186 3.9835 4.3907 1.5326 7.9520 0.0817 10.0121
Car -1 -1 -0.3307 745.6907 176.8308 1008.8792 272.7470 1.6235 1.6797 4.1440 4.6791 1.4827 13.0326 0.0140 6.9150
Car -1 -1 -0.1682 675.6392 177.7854 768.0046 213.6521 1.5741 1.6562 3.8859 5.0556 1.2492 32.3997 -0.0134 6.0679
Car -1 -1 0.0306 653.8261 178.2404 729.4903 205.7757 1.4942 1.6591 4.1109 4.6639 1.1168 40.1251 0.1463 4.3691
Car -1 -1 -0.6446 680.4594 178.9829 797.2521 231.0000 1.5583 1.5552 3.4318 4.1590 1.3727 22.9970 -0.4657 2.4589
Car -1 -1 -1.0793 1025.8018 193.4153 1240.0000 375.0000 1.4818 1.6139 3.6709 4.4547 1.5427 4.0131 -0.2418 0.9344
Car -1 -1 3.0548 639.6510 184.7759 693.5106 204.0866 1.4919 1.6273 4.0808 4.5663 1.4590 56.3572 3.1357 0.1055
