Car -1 -1 1.8545 805.0367 185.1350 876.0516 233.0655 1.8367 1.7145 4.0964 9.6482 1.8348 29.7186 2.1684 12.4847
Car -1 -1 -0.7331 118.0001 205.2778 529.7942 375.0000 1.4084 1.5801 4.0734 -2.7191 1.6868 7.7665 -1.0699 8.1347
Car -1 -1 -3.2583 1089.5991 180.7066 1240.0000 242.1511 1.5263 1.6257 3.7982 15.3801 1.4155 19.5392 -2.5915 5.6838
Car -1 -1 -0.5431 1118.5034 197.4591 1240.0000 285.3573 1.4449 1.6170 4.0252 12.0778 1.6931 13.3221 0.1933 4.9949
Car -1 -1 2.4331 1162.1677 187.0741 1240.0000 353.9668 1.6021 1.7094 4.3577 9.0953 1.6270 8.0662 3.2784 4.6707
Car -1 -1 1.1765 885.3073 190.5861 930.0250 213.1962 1.5467 1.6040 3.9071 21.6386 1.9513 52.0534 1.5704 3.9477
Car -1 -1 -0.5927 1037.1023 187.7841 1109.8173 210.8421 1.4820 1.5842 3.7652 30.5256 1.6548 47.2098 -0.0187 2.5579
Car -1 -1 -0.3062 1123.4565 172.0411 1240.0000 239.2669 1.9028 1.6680 3.9507 18.2488 1.5310 21.8645 0.3894 2.0861
Car -1 -1 1.1491 914.4560 187.8709 959.4067 209.5565 1.4843 1.5843 3.6009 23.4836 1.6821 51.4460 1.5773 0.8950
Car -1 -1 1.2017 862.1385 189.4456 913.9527 215.8228 1.4826 1.5997 3.8336 16.6463 1.7476 42.9334 1.5716 -0.2284
Car -1 -1 -0.4751 1080.1125 187.3564 1161.9100 212.5511 1.4895 1.5855 3.7374 31.1369 1.6240 43.7258 0.1437 -0.3984
