Car -1 -1 -0.3572 765.7690 174.7194 1060.6341 280.8041 1.5396 1.6110 3.9460 4.5707 1.3884 11.2884 0.0276 12.3513
Car -1 -1 -0.5809 879.7693 181.2339 1240.0000 371.7502 1.5212 1.6024 3.7504 4.6168 1.4905 6.5930 0.0300 11.8268
Car -1 -1 -0.2043 680.0987 179.5636 847.8848 236.3983 1.4468 1.6272 4.1096 4.0147 1.3041 19.1149 0.0028 11.6796
Car -1 -1 -0.8628 982.6564 186.4386 1240.0000 375.0000 1.4518 1.5741 3.7705 4.3411 1.4613 4.0457 -0.0422 10.9795
Car -1 -1 -0.5141 850.1760 174.4014 1184.8890 309.6320 1.5505 1.5716 3.3238 4.9309 1.4277 9.0496 -0.0152 5.9817
Car -1 -1 1.7207 481.0283 185.3209 518.0186 211.7100 1.4896 1.6018 3.8966 -6.3819 1.4973 42.5397 1.5718 4.9953
Car -1 -1 -0.1807 666.2396 175.8245 762.9932 215.4292 1.5319 1.5698 3.5874 4.1737 1.1698 28.6509 -0.0361 4.3859
Car -1 -1 -0.2108 628.7220 180.3845 685.9160 202.0308 1.5007 1.6040 3.7870 3.4686 1.1669 50.8980 -0.1428 1.8792
Car -1 -1 -0.2460 626.9020 181.4687 685.9473 204.4794 1.4633 1.5721 3.5585 3.1267 1.2261 46.7994 -0.1793 1.0412
Car -1 -1 -0.4112 645.7050 177.0162 735.1467 214.5169 1.5568 1.5662 3.5114 3.5273 1.2175 31.1033 -0.2983 0.2441
