Car -1 -1 1.9829 244.5191 199.6477 411.9183 286.0428 1.4441 1.6535 4.1921 -5.5904 1.7865 14.8620 1.6232 16.8356
Car -1 -1 1.8553 360.6148 192.1243 457.8305 253.9395 1.5324 1.6172 3.8014 -5.4856 1.7457 20.1603 1.5897 16.1558
Car -1 -1 1.7382 450.5472 188.6871 506.8201 226.3763 1.4575 1.6646 4.1243 -5.3866 1.6147 30.2458 1.5620 15.5469
Car -1 -1 -0.4562 799.6560 181.0655 1155.3872 302.2935 1.4735 1.5981 3.8984 4.6579 1.4242 9.5362 -0.0018 10.5599
Car -1 -1 -0.3518 727.0605 181.9557 972.9973 263.0151 1.4690 1.6405 4.2056 4.5181 1.4110 13.9229 -0.0380 10.0526
Car -1 -1 -0.6146 868.1317 175.0863 1240.0000 347.8998 1.4957 1.6229 3.8071 4.7124 1.4091 7.0811 -0.0274 9.0522
Car -1 -1 2.4436 0.0000 219.1302 113.0570 375.0000 1.4537 1.5995 3.9241 -5.6751 1.7840 4.9922 1.5942 9.0375
Car -1 -1 -0.2505 683.9962 181.5912 810.6308 227.5321 1.4597 1.6098 3.8265 4.5121 1.3457 23.7604 -0.0629 7.0429
Car -1 -1 -0.2772 719.1258 178.1246 907.0100 250.6655 1.5752 1.5987 3.8311 4.5410 1.4224 16.4198 -0.0073 4.8752
Car -1 -1 -0.7498 977.5943 186.5521 1240.0000 375.0000 1.5966 1.7274 4.1926 4.9121 1.6083 4.6976 0.0580 4.3754
Car -1 -1 -0.1149 653.8427 177.0715 717.9808 203.2550 1.6520 1.6740 3.9298 4.9635 1.1393 46.2043 -0.0079 2.2588
