Car -1 -1 1.9122 319.6853 196.9856 445.1168 263.8672 1.4342 1.6850 4.3444 -5.6275 1.7727 18.3957 1.6153 15.8416
Car -1 -1 1.8105 401.5142 189.8589 477.7926 242.8911 1.5818 1.5850 3.8040 -5.4805 1.7483 23.6846 1.5831 14.1013
Car -1 -1 2.2078 0.0000 208.6587 282.0562 375.0000 1.4550 1.6447 4.3839 -5.6730 1.7980 8.2579 1.6058 12.9175
Car -1 -1 1.7092 468.1921 188.9921 513.3392 222.0924 1.4387 1.5805 3.7340 -5.4362 1.6261 33.5561 1.5486 12.8784
Car -1 -1 -0.2650 701.6144 181.3557 886.3367 246.2068 1.4877 1.6331 4.0226 4.3474 1.4003 17.3429 -0.0194 10.5372
Car -1 -1 -0.3222 750.6049 179.0201 990.3332 270.1050 1.5361 1.5946 3.7384 4.5450 1.4328 12.9456 0.0154 9.9565
Car -1 -1 -0.6614 928.2065 182.3438 1240.0000 375.0000 1.5057 1.6366 4.2380 4.9338 1.4882 5.6084 0.0601 9.7020
Car -1 -1 -0.4962 837.1587 177.6658 1240.0000 330.3702 1.5559 1.6115 3.7287 4.6714 1.4801 8.1695 0.0232 9.2984
Car -1 -1 -0.5835 787.0555 175.2132 1081.1013 294.5770 1.5819 1.6734 3.6617 4.6822 1.4505 10.6568 -0.1695 3.9994
Car -1 -1 2.9929 665.5418 179.3452 737.3897 205.7185 1.4937 1.6411 3.9177 5.3533 1.1623 41.5707 3.1210 0.0301
Car -1 -1 -0.0940 648.0015 181.2435 705.4480 203.3106 1.4958 1.6112 3.8034 4.6991 1.2277 49.5307 0.0006 -0.6266
