Car -1 -1 -0.5444 836.3368 164.5294 1240.0000 326.8728 1.6021 1.6007 3.7286 4.5910 1.3991 7.9267 -0.0194 10.0072
Car -1 -1 1.7952 382.5753 189.3380 458.3831 236.6935 1.4511 1.6264 4.0511 -6.2976 1.6040 24.4272 1.5429 9.9475
Car -1 -1 -0.4336 776.7823 179.6970 1078.4607 289.8682 1.4434 1.5451 3.6158 4.3575 1.3722 10.2432 -0.0314 9.5648
Car -1 -1 -1.4338 467.9525 181.5351 508.0638 212.9177 1.6708 1.7122 3.7809 -6.6690 1.4759 40.1803 -1.5982 7.0511
Car -1 -1 -0.1285 650.2586 172.9605 748.2328 210.7984 1.6765 1.6565 4.2380 4.0702 1.1346 32.6847 -0.0046 6.8531
Car -1 -1 -0.3623 724.1219 171.8718 978.5717 268.3324 1.5918 1.6878 3.9465 4.1556 1.3728 12.7975 -0.0484 4.5492
Car -1 -1 1.5320 504.6933 183.5606 530.0808 205.2350 1.4538 1.6010 4.0509 -6.3825 1.3439 50.3417 1.4059 3.5047
Car -1 -1 -0.0973 637.0313 183.7593 699.5484 206.1119 1.4169 1.5822 3.8820 3.8495 1.3257 46.3839 -0.0145 2.6378
Car -1 -1 0.0449 636.8910 176.5542 703.6303 202.7229 1.7097 1.7292 4.3746 4.1861 1.1450 48.1076 0.1317 2.1404
Car -1 -1 -1.0095 897.6354 159.6533 1240.0000 375.0000 1.7177 1.7521 3.9480 4.4929 1.5663 5.7841 -0.3491 1.9739
Car -1 -1 -0.1136 649.1087 180.4935 715.7203 206.6966 1.4963 1.5675 3.7009 4.2844 1.2278 41.8505 -0.0116 1.1333
