Car -1 -1 -0.3657 753.1784 178.2221 1047.2859 274.3194 1.4815 1.6496 4.2029 4.6272 1.3748 11.9133 0.0048 10.5117
Car -1 -1 -0.3095 734.4975 171.4457 939.1253 254.3617 1.5806 1.6057 3.6175 4.4687 1.3193 14.5226 -0.0110 10.4311
Car -1 -1 -0.5308 781.8602 176.3936 1240.0000 327.5896 1.3801 1.5858 4.2505 4.0669 1.3007 7.4120 -0.0289 9.2804
Car -1 -1 -0.4146 705.8240 179.5815 876.6347 247.3287 1.4893 1.5893 3.5476 4.2061 1.3666 16.8835 -0.1705 7.7055
Car -1 -1 1.7675 429.5486 190.0579 484.5346 226.9167 1.4546 1.5748 3.9064 -6.4277 1.6767 30.8409 1.5620 7.6026
Car -1 -1 -0.2193 686.7661 175.6165 843.8677 238.5148 1.6036 1.6526 3.8185 4.0692 1.3600 19.1687 -0.0102 7.3432
Car -1 -1 -0.1003 637.3779 174.5957 725.4508 206.3687 1.6987 1.7628 4.6343 3.9452 1.1320 39.3098 -0.0003 6.4750
Car -1 -1 1.7276 485.5280 184.6676 519.9490 209.6652 1.5564 1.6281 3.8823 -6.8007 1.5234 46.7047 1.5830 5.3539
Car -1 -1 -0.0791 623.3751 180.1916 672.9036 200.2481 1.5074 1.5961 3.6576 3.0394 1.1309 54.8642 -0.0237 2.2163
Car -1 -1 0.6869 484.8879 185.7310 539.3005 205.5019 1.5081 1.6691 4.1338 -7.5782 1.5512 56.7195 0.5541 -0.0931
