Car -1 -1 1.9917 224.0767 197.0914 402.7068 285.8542 1.4787 1.6963 4.4737 -5.8590 1.7628 14.8527 1.6159 16.2902
Car -1 -1 -0.3351 756.5217 178.3638 1034.0332 274.4193 1.5462 1.6782 4.1450 4.7645 1.4371 12.4685 0.0299 13.5200
Car -1 -1 1.8570 399.7062 192.9615 481.0157 238.3000 1.4051 1.6369 4.2383 -5.7873 1.7009 25.1781 1.6311 13.4283
Car -1 -1 2.3387 0.0000 198.8625 148.2655 375.0000 1.6770 1.6242 3.8477 -5.9830 1.8306 6.0961 1.5627 10.7132
Car -1 -1 1.7491 446.7751 187.7013 499.2108 227.9469 1.5939 1.5682 3.6317 -5.6904 1.7069 30.5120 1.5647 10.3549
Car -1 -1 -0.1765 672.5226 180.8193 800.6929 227.0048 1.4982 1.6210 4.0085 4.2137 1.3567 24.1329 -0.0036 9.2584
Car -1 -1 -0.2947 713.4721 178.8366 884.8824 245.1510 1.5205 1.6114 3.6875 4.4905 1.3753 17.3598 -0.0416 7.9241
Car -1 -1 1.5614 489.8964 186.5373 519.7879 216.4025 1.5886 1.5865 3.8228 -5.8351 1.6678 40.4223 1.4181 3.9493
Car -1 -1 -0.2638 693.3693 182.8803 836.0427 236.9476 1.4320 1.5600 3.5744 4.2360 1.3713 19.9110 -0.0542 3.1928
Car -1 -1 -0.3260 728.3019 179.1930 949.7690 254.1679 1.4779 1.6658 4.0934 4.6747 1.3603 15.0501 -0.0248 1.2934
Car -1 -1 -0.0950 645.7301 183.6760 701.5934 205.5139 1.4507 1.5516 3.6230 4.3985 1.3496 48.5358 -0.0047 -0.3514
Car -1 -1 -0.0721 632.1898 179.9321 682.2073 199.9920 1.5503 1.6423 3.8033 3.8341 1.1431 56.3817 -0.0042 -0.5001
