Car -1 -1 2.1296 0.0000 199.0836 270.9744 359.2865 1.5446 1.6148 3.7838 -6.0084 1.7595 9.1665 1.5494 18.7867
Car -1 -1 1.9253 297.5958 195.8953 429.0029 265.2656 1.4674 1.7086 4.3315 -5.9973 1.7697 18.0714 1.6049 17.9158
Car -1 -1 1.8001 418.3808 191.9051 487.1086 233.0322 1.4598 1.7023 4.3778 -6.0661 1.7461 28.4344 1.5899 13.2272
Car -1 -1 2.9047 724.0057 178.6397 922.8671 251.6400 1.5132 1.6017 3.9092 4.5666 1.3780 15.7844 3.1863 10.0296
Car -1 -1 -0.1277 657.6372 180.8088 774.3385 223.5266 1.5782 1.6714 4.2195 4.0208 1.4165 27.4278 0.0178 9.7535
Car -1 -1 -0.7262 897.0266 173.9137 1240.0000 375.0000 1.4889 1.6887 4.4473 4.8104 1.4142 5.7222 -0.0272 9.3199
Car -1 -1 1.7459 455.2480 188.5124 505.2912 225.2845 1.6089 1.6433 4.0141 -5.9615 1.7744 33.8163 1.5714 9.1957
Car -1 -1 -0.2395 677.0446 182.7280 804.9500 230.5163 1.4877 1.5939 3.8010 4.2143 1.4114 23.2848 -0.0604 7.0849
Car -1 -1 1.5828 492.3663 187.5701 519.8777 214.5210 1.5569 1.5905 3.6790 -6.1941 1.7078 43.7864 1.4423 5.9245
Car -1 -1 -0.2576 703.9760 180.7874 874.6088 243.5953 1.5337 1.6937 3.9351 4.5133 1.4267 18.4303 -0.0174 4.0816
