Car -1 -1 2.0226 132.1401 197.3375 339.8792 305.4559 1.4956 1.5923 3.8794 -6.1443 1.7374 12.3247 1.5602 17.8832
Car -1 -1 1.8978 342.0994 193.8330 447.6328 250.6925 1.4572 1.6819 4.3261 -6.1914 1.7398 21.2829 1.6147 15.8031
Car -1 -1 2.9716 701.5802 180.6897 852.9566 240.2403 1.5046 1.6269 3.6792 4.3569 1.3913 19.0710 3.1962 11.9742
Car -1 -1 1.7696 436.2033 192.8322 492.1078 228.8851 1.4366 1.6305 4.0817 -6.2585 1.7936 31.5466 1.5737 10.4342
Car -1 -1 2.3661 0.0000 171.6899 157.7298 375.0000 1.9271 1.7124 4.3687 -5.9702 1.8585 5.8875 1.5737 9.5807
Car -1 -1 -0.5147 795.1261 175.4540 1191.4863 307.3692 1.4843 1.6194 4.1170 4.5698 1.3756 8.9843 -0.0441 7.9071
Car -1 -1 -1.7501 676.4948 177.2122 756.0242 233.9614 1.6408 1.7680 4.1235 3.2988 1.4106 22.8732 -1.6068 4.0795
Car -1 -1 1.5477 495.1392 186.7904 520.8583 210.5721 1.4738 1.5650 3.7624 -6.5478 1.5817 46.7896 1.4087 3.7474
Car -1 -1 -0.6534 626.7925 184.3057 694.8226 212.1107 1.5345 1.5882 3.7002 3.0407 1.4854 41.3472 -0.5800 1.6446
Car -1 -1 -0.6601 790.9796 174.4403 1082.8399 300.0071 1.8977 1.7952 4.3436 5.4861 1.7360 12.2464 -0.2389 0.7237
Car -1 -1 -0.2082 714.0823 182.8226 783.1909 208.9212 1.5045 1.6052 3.7345 8.2203 1.3676 42.2672 -0.0161 -1.3314
