Car -1 -1 -0.2919 724.3490 173.3066 921.0997 249.2635 1.5833 1.6049 3.8407 4.5723 1.3362 15.8031 -0.0103 9.6511
Car -1 -1 -0.2154 702.0514 180.9359 861.8211 240.7109 1.4371 1.5126 3.6580 4.2448 1.3354 18.0637 0.0154 9.2523
Car -1 -1 -0.5081 764.8233 178.7835 1167.8297 307.4637 1.3964 1.5868 4.1459 4.1193 1.3277 8.7277 -0.0671 9.2383
Car -1 -1 -0.1604 683.6769 176.6023 826.9140 234.0835 1.5654 1.6366 3.7735 4.0676 1.3320 20.4584 0.0359 9.0714
Car -1 -1 -0.3712 733.5226 177.3013 976.0528 264.3890 1.5062 1.5698 3.9475 4.4118 1.3704 13.3136 -0.0513 8.1406
Car -1 -1 1.7573 437.2495 189.7214 487.7734 224.5027 1.4371 1.5482 3.6984 -6.4436 1.6507 32.0382 1.5589 7.7791
Car -1 -1 -0.0765 639.4453 179.5540 716.4452 207.0744 1.5152 1.6655 4.1936 3.8747 1.2046 40.4476 0.0190 4.6871
Car -1 -1 -0.0586 623.7699 179.8324 673.0264 201.2241 1.6451 1.5992 3.7476 3.1279 1.2323 56.0854 -0.0029 3.1199
Car -1 -1 -0.2349 635.3906 185.4198 716.2485 214.0028 1.4067 1.5715 3.8180 3.3905 1.4185 36.4375 -0.1422 1.6238
Car -1 -1 1.7197 485.8159 185.7253 518.1035 208.9169 1.4805 1.5847 3.7859 -7.0252 1.5170 47.8668 1.5740 0.0570
