Car -1 -1 1.8085 459.4262 180.6124 533.2906 237.6851 1.8516 1.6762 4.0098 -3.8759 1.7034 25.3875 1.6570 14.1000
Car -1 -1 -0.2840 752.5688 176.7767 931.3765 243.4238 1.6637 1.6968 4.1419 5.9822 1.4542 18.8379 0.0235 11.5101
Car -1 -1 2.6319 820.6107 187.6091 1116.0456 288.2693 1.4757 1.6072 3.9483 5.5756 1.5182 11.4952 3.0835 11.4584
Car -1 -1 1.6656 536.4310 184.8275 571.0882 213.6450 1.5562 1.6077 3.7939 -3.0423 1.5364 40.7288 1.5911 6.4992
Car -1 -1 3.0691 704.8147 182.7155 777.7734 212.9589 1.5517 1.6304 3.6684 6.9577 1.4246 37.8894 3.2507 6.4951
Car -1 -1 -0.7792 967.9110 165.6302 1240.0000 375.0000 1.6227 1.7108 4.2627 5.1722 1.5025 5.3239 -0.0082 6.1439
Car -1 -1 1.6153 559.6706 185.6886 584.7076 207.0751 1.4513 1.5966 3.9499 -2.5015 1.4872 50.8448 1.5662 4.8578
Car -1 -1 1.7474 502.1350 187.1358 551.4920 224.0751 1.5288 1.5532 3.6548 -3.5570 1.6199 31.8155 1.6361 4.2435
Car -1 -1 -1.7618 717.2478 183.5471 773.7236 219.2611 1.4420 1.6223 4.1663 5.8437 1.3757 31.1082 -1.5761 0.2717
Car -1 -1 -1.5501 750.7141 188.4104 806.4604 238.0197 1.4397 1.6088 3.7521 5.4869 1.5526 23.1357 -1.3172 -1.0358
