Car -1 -1 2.1060 20.2534 197.3473 299.5413 336.2983 1.5399 1.5796 3.8407 -6.0482 1.7460 10.2194 1.5716 15.7319
Car -1 -1 1.9010 316.4618 194.0801 436.5759 258.4539 1.4676 1.6974 4.4220 -6.0493 1.7334 19.2310 1.5962 15.3440
Car -1 -1 1.8191 424.1215 193.0715 490.5705 232.0073 1.4352 1.6732 4.2579 -6.1197 1.7827 29.5298 1.6147 12.6089
Car -1 -1 -0.2218 709.8477 179.1107 896.2008 248.1878 1.5392 1.6412 3.9577 4.4306 1.4043 16.9027 0.0345 11.9071
Car -1 -1 -0.6990 859.1414 171.5801 1240.0000 354.1168 1.4928 1.6307 4.2480 4.7607 1.3824 6.8864 -0.0942 7.5958
Car -1 -1 1.5409 494.3048 187.4144 522.4827 213.0241 1.5087 1.6132 3.9880 -6.2546 1.6533 44.8071 1.4022 6.5002
Car -1 -1 1.7341 459.0086 188.4624 505.2322 223.7470 1.5978 1.5960 3.8989 -6.0636 1.7652 34.8640 1.5619 6.4837
Car -1 -1 -0.2148 694.0565 182.5565 845.3208 239.9227 1.4849 1.6081 3.7215 4.2433 1.4172 19.4079 0.0005 4.6495
Car -1 -1 -0.4046 667.3453 181.4474 783.0864 227.9678 1.5081 1.5900 3.5545 3.9362 1.3871 24.5026 -0.2453 1.6421
Car -1 -1 -0.2538 709.3394 191.7064 957.7331 275.0155 1.3853 1.5595 3.9939 3.8668 1.5110 12.9350 0.0366 1.3618
