Car -1 -1 -0.6715 892.1726 169.8450 1240.0000 375.0000 1.5387 1.6219 4.1280 4.7593 1.4264 6.1360 -0.0117 11.5487
Car -1 -1 -0.3239 704.0944 176.7919 952.4021 255.3878 1.4300 1.6588 4.3130 4.1129 1.2778 13.9856 -0.0379 10.9737
Car -1 -1 -0.1235 664.2021 176.2908 777.4756 220.9994 1.5487 1.6261 3.8340 3.9455 1.2407 25.7643 0.0284 8.9868
Car -1 -1 -0.2031 691.1463 171.1710 830.7945 231.3429 1.6965 1.6407 3.7474 4.3719 1.3017 21.0871 0.0013 5.8262
Car -1 -1 -0.1531 678.2076 177.8428 796.8579 225.4184 1.4810 1.5755 3.5643 4.0790 1.2526 23.1987 0.0210 4.6113
Car -1 -1 -1.4390 499.3768 181.3928 528.9983 204.1186 1.6394 1.6826 4.0761 -6.9911 1.3647 53.8927 -1.5680 3.7293
Car -1 -1 -0.8206 1017.9131 151.3534 1240.0000 375.0000 1.6242 1.7348 4.1285 5.0688 1.4575 4.4796 0.0264 1.8300
Car -1 -1 -0.2309 631.8822 177.6223 693.9499 202.3160 1.5360 1.6205 3.6677 3.4679 1.0648 45.7950 -0.1554 0.9276
Car -1 -1 -1.9411 696.4514 171.5207 827.0242 247.7878 1.6053 1.6771 4.0426 3.4840 1.3182 17.2619 -1.7420 0.5975
Car -1 -1 -0.0952 625.0345 177.3259 669.1499 194.6816 1.4622 1.5702 3.6293 3.3275 0.7986 61.4189 -0.0410 -0.2732
Car -1 -1 -3.2137 626.0585 181.0974 694.3399 206.9885 1.4571 1.5930 3.8000 2.9443 1.2265 41.2505 -3.1425 -0.4793
