Car -1 -1 -0.4683 805.6813 166.7390 1157.2768 302.2788 1.5985 1.5421 3.7329 4.5801 1.3817 9.2621 -0.0090 12.3440
Car -1 -1 -0.4950 755.4339 178.3775 1020.1248 280.8578 1.5080 1.6092 3.6663 4.3750 1.4085 11.6183 -0.1349 7.7304
Car -1 -1 1.7974 392.6199 188.4604 464.9046 234.0815 1.4798 1.6278 4.0560 -6.3236 1.6059 25.6441 1.5557 7.3737
Car -1 -1 -0.1326 648.6686 171.5420 742.0226 208.0460 1.6840 1.7130 4.1953 4.0615 1.0543 34.0429 -0.0138 7.2667
Car -1 -1 -0.6277 858.7743 177.4176 1240.0000 364.3481 1.5278 1.6866 4.3887 4.7889 1.4652 6.7359 -0.0096 6.8380
Car -1 -1 -0.1307 650.8769 180.0558 759.5254 220.5740 1.6294 1.7272 4.2651 3.9338 1.4230 29.7684 0.0007 4.1842
Car -1 -1 -0.5730 706.5651 174.4262 929.2902 260.1787 1.5489 1.6613 4.0149 4.1167 1.3551 14.3566 -0.2937 3.9658
Car -1 -1 -0.0851 635.2724 177.2200 692.5314 200.0494 1.5467 1.6091 3.8072 3.8154 1.0061 49.5196 -0.0082 3.8023
Car -1 -1 -1.3798 472.4748 186.2013 510.1720 211.2066 1.3714 1.5011 3.5198 -6.6793 1.4317 41.3450 -1.5400 3.7077
Car -1 -1 1.6829 500.1906 183.9221 529.5897 206.1900 1.5365 1.6463 4.1269 -6.6530 1.4484 51.6737 1.5548 2.9737
Car -1 -1 -0.1068 646.6031 180.9677 714.6366 205.6224 1.4504 1.6087 3.9068 4.3059 1.2016 43.1043 -0.0073 2.4360
Car -1 -1 1.5864 472.3378 185.7544 504.5711 214.7148 1.4397 1.5900 4.1363 -6.2995 1.4709 37.9766 1.4220 -0.8405
