Car -1 -1 2.0610 83.5026 196.4205 322.6045 315.9472 1.4976 1.6028 3.8584 -6.0924 1.7050 11.2981 1.5665 16.8011
Car -1 -1 1.9081 330.0138 193.6008 443.5258 254.4445 1.4755 1.6811 4.4088 -6.1106 1.7395 20.2863 1.6155 15.1780
Car -1 -1 -0.2190 702.2427 181.5229 881.1454 244.1683 1.4913 1.6590 4.0670 4.4481 1.4045 17.9858 0.0235 11.7343
Car -1 -1 1.7391 457.9804 187.8980 505.2614 222.5533 1.6143 1.6628 4.0730 -6.2538 1.7568 35.8380 1.5663 9.7091
Car -1 -1 2.4604 0.0000 186.4616 89.8174 375.0000 1.8375 1.6739 4.2718 -5.9479 1.8508 4.8683 1.5755 8.2868
Car -1 -1 1.7586 430.8267 192.2297 487.7271 229.2059 1.4232 1.6428 3.9793 -6.2418 1.7407 30.4245 1.5563 7.8346
Car -1 -1 -0.6043 830.3880 170.2593 1240.0000 323.8745 1.4983 1.6784 4.2392 4.8047 1.3535 7.9767 -0.0622 7.0861
Car -1 -1 -0.4023 684.9997 181.5602 831.4960 235.9879 1.4804 1.5717 3.8185 4.2504 1.3821 20.6985 -0.1998 6.6751
Car -1 -1 -0.1311 668.2548 181.6880 776.2785 226.0610 1.5124 1.5822 3.5778 3.9329 1.3933 25.3295 0.0229 4.8038
Car -1 -1 1.5454 494.1558 185.5906 521.1300 209.7677 1.4705 1.5969 3.9842 -6.4484 1.4966 45.8793 1.4058 3.3829
Car -1 -1 -0.2949 638.0572 182.5951 716.4288 210.9770 1.5286 1.6512 4.0251 3.8082 1.3886 39.9204 -0.1998 2.2834
Car -1 -1 -1.2516 622.2494 180.2725 652.5588 196.7055 1.3895 1.5421 3.7714 2.6117 0.9727 62.8178 -1.2100 0.3166
