Car -1 -1 2.0373 106.7003 179.0866 334.0076 312.7125 1.8318 1.6201 4.0285 -6.1315 1.7489 11.8732 1.5606 16.6365
Car -1 -1 1.8677 294.5565 188.3281 405.6110 261.9976 1.6672 1.6047 3.8521 -6.4868 1.7564 18.3880 1.5285 14.2221
Car -1 -1 1.8244 391.6199 188.6421 466.9630 232.9988 1.5246 1.7216 4.3789 -6.6891 1.6661 27.2444 1.5837 14.2155
Car -1 -1 -0.3409 711.8800 176.0519 947.4732 252.3440 1.5106 1.6979 4.4447 4.5230 1.3303 15.1922 -0.0515 8.7856
Car -1 -1 -0.5098 779.9132 117.8631 1216.2854 297.4792 2.1685 1.9846 4.8776 4.9768 1.3565 9.7599 -0.0383 7.9656
Car -1 -1 -0.6218 843.1079 152.1854 1240.0000 374.9957 1.6565 1.6076 3.5629 4.0379 1.4121 6.2264 -0.0465 5.0480
Car -1 -1 -1.6388 667.6303 174.7110 723.9785 227.0996 1.7699 1.7642 3.8870 3.1005 1.4161 26.2664 -1.5213 1.8752
Car -1 -1 1.7188 459.4761 186.5206 501.3603 216.2167 1.5631 1.6914 4.2942 -7.0860 1.6412 40.1945 1.5443 1.6529
Car -1 -1 -1.4153 605.8768 179.7339 628.3373 195.9318 1.5308 1.6270 3.7343 0.9309 1.0138 69.9081 -1.4019 0.8477
Car -1 -1 -0.0945 619.9267 180.7635 677.9043 204.9603 1.5497 1.5833 3.6409 2.6332 1.2657 46.8978 -0.0384 0.4118
