Car -1 -1 1.9657 209.3149 195.0637 367.4385 290.7381 1.6198 1.5577 3.7490 -6.2585 1.8446 14.4400 1.5568 14.9870
Car -1 -1 1.8580 362.0686 193.8423 454.1813 246.7362 1.5043 1.7085 4.3571 -6.3893 1.8121 23.3522 1.5910 14.8269
Car -1 -1 3.0023 682.1148 177.7627 816.5722 235.6744 1.6359 1.6092 3.6957 4.0489 1.4265 21.1978 3.1910 11.8546
Car -1 -1 1.7730 440.4368 194.2800 493.6477 227.8425 1.4178 1.6347 4.1691 -6.5318 1.8688 33.5858 1.5809 10.3851
Car -1 -1 -0.4425 753.3333 176.7306 1081.9330 285.2651 1.5331 1.7181 4.3595 4.5749 1.4144 11.1224 -0.0523 10.3705
Car -1 -1 2.1768 0.0000 182.0652 241.6340 375.0000 1.9127 1.6146 3.9930 -5.9801 1.8870 8.1413 1.5432 10.1776
Car -1 -1 -0.8808 668.5959 180.0305 774.8476 229.5295 1.5302 1.6075 3.5583 3.8068 1.3711 23.9994 -0.7234 5.8717
Car -1 -1 -0.1515 653.1824 180.9421 748.1801 220.1144 1.5130 1.6108 3.5436 3.6114 1.3490 28.6121 -0.0259 4.9774
Car -1 -1 -0.7750 920.7685 92.7102 1240.0000 375.0000 1.9274 1.8286 4.1668 4.9029 1.3299 5.6938 -0.0641 4.9002
Car -1 -1 1.7048 491.3208 188.1114 522.0830 211.3066 1.4922 1.5735 3.7532 -6.8128 1.6966 48.5906 1.5655 2.9736
Car -1 -1 -0.0703 631.8389 180.3589 693.7369 205.8826 1.4878 1.5823 3.5607 3.2081 1.2058 42.6977 0.0047 0.8716
Car -1 -1 -0.4705 656.7965 180.6745 772.4564 223.9891 1.5131 1.6560 3.8927 3.8900 1.3556 26.5139 -0.3249 -1.0063
Car -1 -1 -0.3903 684.0948 204.8495 880.8717 280.9575 1.6092 1.6511 4.1913 4.0031 2.1041 16.9311 -0.1581 -1.3426
