Car -1 -1 2.0298 145.2334 195.2413 362.9886 316.8684 1.6154 1.6279 3.8587 -5.5717 1.8084 11.8082 1.5889 16.7867
Car -1 -1 1.8247 379.5381 191.9837 466.2900 243.4895 1.3906 1.6053 3.9849 -5.5617 1.6170 21.9261 1.5763 16.0603
Car -1 -1 2.2865 0.0000 213.1061 227.3870 375.0000 1.5278 1.6688 4.2138 -5.6278 1.8745 6.7776 1.5935 10.4242
Car -1 -1 -0.5451 822.7673 182.1869 1240.0000 325.6971 1.4772 1.6131 3.9890 4.6615 1.4471 8.2647 -0.0316 10.1588
Car -1 -1 -0.2830 721.2161 180.9104 927.5009 254.1478 1.5011 1.6531 3.9659 4.5223 1.4140 15.5568 -0.0001 10.1246
Car -1 -1 -0.6361 872.4568 192.7393 1240.0000 375.0000 1.4403 1.6128 4.0385 4.3146 1.5087 5.5778 0.0223 9.5137
Car -1 -1 -0.4003 768.7369 175.6194 1092.3806 293.2426 1.6149 1.6592 4.0730 4.5676 1.4843 10.7017 0.0031 5.9595
Car -1 -1 -0.0268 682.3789 176.7026 771.7296 214.6746 1.5287 1.6093 3.5793 4.8991 1.1871 29.9741 0.1352 4.3785
Car -1 -1 -1.7149 694.7333 175.4498 772.5199 241.7334 1.7958 1.7136 3.9231 3.6067 1.5324 21.4525 -1.5484 3.3860
Car -1 -1 -0.0912 643.0354 179.9139 698.1999 201.7769 1.4866 1.5858 3.6664 4.2935 1.1273 49.6788 -0.0050 -0.7161
Car -1 -1 3.0514 642.3892 176.4180 697.3923 196.5237 1.4991 1.6387 4.0154 4.6562 0.8443 54.4238 3.1368 -0.8755
