Car -1 -1 1.9124 280.9545 177.5312 408.8487 264.0892 1.8470 1.6323 4.0047 -6.2099 1.6842 17.3399 1.5685 14.9219
Car -1 -1 1.8192 367.7008 184.6091 444.6707 238.0539 1.6268 1.5739 3.7446 -6.6057 1.6095 23.7674 1.5481 12.8667
Car -1 -1 1.7840 427.0617 184.9528 484.0683 220.1116 1.4926 1.6742 4.2213 -6.8596 1.4825 32.6285 1.5768 12.7475
Car -1 -1 -0.4229 739.1481 163.2013 1045.5446 283.4860 1.7940 1.7183 4.3189 4.4308 1.4668 11.7070 -0.0611 9.6878
Car -1 -1 -0.3193 673.0303 176.7496 822.3182 232.7149 1.5237 1.6011 3.8957 3.9141 1.2943 20.6173 -0.1317 7.8076
Car -1 -1 -0.3606 711.9518 165.6065 936.3896 255.9075 1.7772 1.7774 4.1823 4.4140 1.3924 15.1925 -0.0779 6.1991
Car -1 -1 1.7265 467.2948 183.3343 504.4225 209.1462 1.4675 1.5879 3.9647 -7.2430 1.3617 42.8575 1.5591 6.0932
Car -1 -1 1.7248 479.5307 185.4033 512.9700 208.6513 1.4845 1.6362 3.8040 -7.3981 1.4986 47.8305 1.5713 2.2636
Car -1 -1 -1.6828 655.6476 175.1706 707.2304 219.2191 1.8320 1.8244 4.0269 3.1653 1.4153 31.9188 -1.5840 2.1238
Car -1 -1 -0.1750 471.0854 188.7884 524.2278 207.8564 1.4659 1.6174 3.9574 -8.7790 1.7582 57.1858 -0.3273 -0.7324
