Car -1 -1 1.8771 331.0701 176.3957 437.9612 252.4370 1.8871 1.6541 4.0944 -6.0713 1.6694 19.8916 1.5809 16.2333
Car -1 -1 1.8003 395.6078 184.2158 464.0017 232.9283 1.6482 1.6003 3.7813 -6.4403 1.6155 26.2187 1.5595 11.9322
Car -1 -1 1.7467 447.8942 183.7298 494.5422 217.5544 1.5558 1.5970 3.7487 -6.6095 1.4886 34.9448 1.5598 11.7658
Car -1 -1 -0.3594 721.1370 170.8496 959.7550 267.0611 1.7724 1.7064 4.1513 4.4301 1.5089 14.2090 -0.0571 10.9815
Car -1 -1 -0.3901 697.2017 154.9495 930.8677 248.1105 2.1279 1.9101 5.1864 4.9214 1.4377 17.6707 -0.1185 8.1676
Car -1 -1 -0.7478 855.5177 180.7520 1240.0000 359.0572 1.4351 1.5940 4.0797 4.6218 1.4003 6.8875 -0.1567 7.1655
Car -1 -1 1.7122 479.9978 182.9103 516.4468 207.4722 1.4870 1.6991 4.3171 -6.9303 1.3485 45.6812 1.5617 5.8400
Car -1 -1 1.8759 487.3497 184.2235 526.2747 206.6720 1.5045 1.6234 3.8086 -7.0213 1.4392 50.1870 1.7369 1.5529
Car -1 -1 -0.5002 618.2832 179.8962 682.9551 205.0600 1.5381 1.6188 3.7696 2.6905 1.2141 45.4711 -0.4411 1.3649
Car -1 -1 -0.5124 625.3689 178.4035 699.5147 206.9766 1.5620 1.6492 3.8952 3.0850 1.1907 40.8639 -0.4370 0.0777
