Car -1 -1 1.9297 235.8799 194.2584 376.9551 283.5530 1.6288 1.5488 3.7481 -6.3147 1.8475 15.3900 1.5403 14.8532
Car -1 -1 1.8452 369.5579 191.4617 456.6861 242.6308 1.5442 1.7416 4.3093 -6.5144 1.7761 24.3851 1.5842 14.0671
Car -1 -1 1.7764 442.3402 192.0834 494.1987 224.4330 1.4231 1.6352 4.1573 -6.6723 1.7747 34.5975 1.5859 11.7662
Car -1 -1 2.1385 0.0000 186.8634 269.4390 359.0303 1.6841 1.6165 3.9146 -6.0059 1.7104 9.0377 1.5519 11.0055
Car -1 -1 -0.1647 678.2402 178.6498 808.7981 229.7155 1.5179 1.6375 3.7407 4.0762 1.3238 22.2133 0.0168 10.4512
Car -1 -1 -0.4415 740.0977 175.3761 1044.3459 274.6603 1.5395 1.7261 4.4923 4.6259 1.3881 12.1794 -0.0785 8.4326
Car -1 -1 2.4478 855.9890 99.9921 1240.0000 344.8392 1.9285 1.7530 4.3678 4.7496 1.2584 6.7006 3.0644 6.1870
Car -1 -1 1.7331 462.9320 188.5679 504.1698 218.6572 1.5650 1.6430 3.8830 -6.8446 1.7607 39.7674 1.5627 4.5502
Car -1 -1 1.5431 492.2527 187.4205 516.6303 210.1104 1.4962 1.5599 3.8491 -7.2121 1.6564 49.8238 1.3993 4.0939
Car -1 -1 -0.0851 627.1347 184.6974 688.8084 208.3477 1.4143 1.5623 3.6262 3.0018 1.3845 43.7967 -0.0167 -0.0369
Car -1 -1 -0.3990 658.6172 180.0040 769.8625 224.8179 1.4883 1.6174 3.4862 3.6504 1.3163 25.0910 -0.2545 -0.2116
