Car -1 -1 1.8878 275.4403 191.3749 396.8811 270.4834 1.6611 1.6032 3.8634 -6.4400 1.8278 17.3573 1.5325 14.4206
Car -1 -1 2.0639 64.0790 181.4543 313.6548 318.2577 1.7085 1.5820 3.8770 -6.0806 1.6627 10.9238 1.5560 14.3827
Car -1 -1 1.8418 384.1644 191.9930 462.6858 237.2824 1.4721 1.6853 4.2447 -6.6295 1.7400 26.1440 1.5935 13.4589
Car -1 -1 -0.3685 718.3800 175.5062 957.3237 254.0483 1.4418 1.6300 4.1723 4.3699 1.2647 14.1487 -0.0689 9.9998
Car -1 -1 -0.1541 668.1156 179.8702 799.7509 226.0338 1.5032 1.6897 4.1635 4.1412 1.3302 24.2792 0.0149 8.2134
Car -1 -1 -0.5966 801.4663 112.1744 1240.0000 314.1123 2.1637 1.9058 5.0253 5.1101 1.3822 8.8296 -0.0720 7.2878
Car -1 -1 1.7548 449.8765 190.2541 495.6625 221.5794 1.4791 1.5981 3.9104 -6.8281 1.7499 36.5233 1.5700 4.3757
Car -1 -1 1.7460 466.4234 188.0979 505.6734 216.2749 1.5479 1.6120 3.8050 -7.0506 1.7242 41.7853 1.5789 3.4149
Car -1 -1 -0.7419 879.5291 137.7587 1240.0000 375.0000 1.7011 1.6524 3.7670 4.1428 1.4169 5.2862 -0.0772 2.7110
Car -1 -1 1.7014 488.5882 187.1251 518.9728 209.1644 1.5205 1.6542 4.1309 -7.5006 1.6653 52.0241 1.5582 2.2072
Car -1 -1 -1.5881 623.8385 180.7073 649.6847 204.7128 1.5038 1.6133 3.8698 1.8376 1.2225 46.9803 -1.5490 0.7362
