Car -1 -1 -0.2001 677.2179 177.5684 834.5376 232.4440 1.4962 1.6489 4.1276 4.0763 1.2888 20.4266 -0.0031 13.5629
Car -1 -1 -0.3531 751.7589 172.7771 1009.0155 268.1612 1.5599 1.6395 3.8796 4.5772 1.3576 12.5800 -0.0042 10.3541
Car -1 -1 -0.5171 836.5182 178.4842 1240.0000 328.7353 1.4815 1.5900 3.6365 4.5282 1.4163 7.8867 0.0041 9.7372
Car -1 -1 -0.4440 818.7597 172.9781 1130.4040 287.1335 1.5116 1.5615 3.6723 5.0402 1.3506 10.3148 0.0106 9.1772
Car -1 -1 -0.7331 898.8659 186.9920 1240.0000 375.0000 1.5752 1.6649 3.9780 4.4381 1.5918 5.3498 -0.0405 8.6743
Car -1 -1 2.2459 0.0000 224.8029 82.9627 375.0000 1.4115 1.5640 3.7029 -5.7305 1.8050 5.1694 1.4090 6.0208
Car -1 -1 -0.0719 632.8440 176.2745 688.7730 198.6771 1.6016 1.6354 3.9413 3.8024 0.9635 52.2078 0.0008 3.5924
Car -1 -1 1.7231 477.5969 183.8431 513.2753 209.1177 1.4631 1.5740 3.8219 -6.7790 1.3847 43.5211 1.5686 2.7532
Car -1 -1 -2.0827 741.0387 118.4480 1240.0000 375.0000 1.5966 1.7336 4.2998 1.8726 1.4790 3.4348 -1.5835 1.4208
Car -1 -1 -0.7376 656.4270 176.5028 749.7277 213.7480 1.4722 1.6037 3.7860 3.9891 1.1289 30.1481 -0.6061 1.1040
Car -1 -1 -0.3175 650.9050 174.9090 746.9073 209.6433 1.5096 1.6539 3.9785 4.0496 1.0628 32.4315 -0.1933 -0.2441
