Car -1 -1 -0.3118 751.3291 170.3500 976.5317 264.3641 1.6148 1.6175 3.5611 4.5186 1.3606 13.1850 0.0184 10.0735
Car -1 -1 1.7518 423.7061 191.1980 480.3007 229.1322 1.4193 1.5776 4.0033 -6.3617 1.6833 29.5561 1.5398 9.9319
Car -1 -1 -0.2364 693.9353 176.6618 864.0188 241.6305 1.5377 1.6408 3.8251 4.1119 1.3364 17.8503 -0.0100 9.6137
Car -1 -1 -0.2995 717.9824 180.8364 904.7413 251.5394 1.4432 1.5349 3.5757 4.2493 1.3549 15.4934 -0.0319 8.5269
Car -1 -1 -0.4225 765.5644 175.5793 1102.2481 286.6369 1.5118 1.6890 4.2304 4.5959 1.3817 10.6586 -0.0154 7.6008
Car -1 -1 3.0267 637.5649 172.6256 722.3199 206.3438 1.7387 1.6905 4.2827 3.7329 1.0906 37.9456 3.1248 7.4485
Car -1 -1 -0.6143 836.2166 175.1749 1240.0000 372.0338 1.4545 1.6161 4.1166 4.2156 1.3815 6.1420 -0.0128 7.1612
Car -1 -1 -1.4366 482.8055 185.9572 516.3967 210.0455 1.4595 1.6072 3.8593 -6.8418 1.5097 45.6113 -1.5855 6.0502
Car -1 -1 1.5529 482.1537 186.1953 511.5402 213.1396 1.4819 1.6085 4.1046 -6.5229 1.5430 41.8490 1.3983 4.1019
Car -1 -1 0.1100 485.5017 187.6907 537.1761 207.1870 1.4470 1.6118 3.7236 -7.2855 1.6384 54.4131 -0.0231 -0.1688
Car -1 -1 -0.0474 617.6548 183.5866 673.8294 206.3102 1.4877 1.5738 3.6613 2.4754 1.3822 47.8538 0.0043 -1.3504
