Car -1 -1 1.8103 567.2389 183.8450 633.8743 235.6842 1.8716 1.6907 4.0514 -0.2371 1.8233 28.1155 1.8019 14.4124
Car -1 -1 -0.4258 882.2433 192.1098 1169.2404 276.9792 1.4202 1.5951 4.2708 7.4115 1.5570 13.1644 0.0870 12.2449
Car -1 -1 -0.2202 839.0857 183.6629 1007.3656 244.1493 1.6091 1.6689 4.0829 8.7337 1.5690 20.3172 0.1858 8.3563
Car -1 -1 -0.5259 987.6458 164.5756 1240.0000 367.6868 1.5980 1.7393 4.3510 6.2579 1.4367 6.9504 0.2071 7.2535
Car -1 -1 -3.3562 822.3914 170.5291 968.5014 231.8749 1.9199 1.7076 4.1941 9.3141 1.4614 23.6719 -2.9813 6.7288
Car -1 -1 -0.1024 799.4088 185.1982 881.4921 215.8348 1.6106 1.6898 4.0851 12.5368 1.6108 39.0368 0.2083 5.7595
Car -1 -1 1.4824 658.2197 188.8808 684.5992 210.3472 1.5034 1.5891 3.9291 4.6370 1.7847 52.9783 1.5697 3.2204
Car -1 -1 1.4525 679.3688 189.4262 705.0293 209.2608 1.4864 1.5766 3.6502 6.5855 1.8290 56.4683 1.5686 2.4088
Car -1 -1 -0.1466 793.4149 185.8826 861.7347 211.9442 1.4715 1.5631 3.5950 12.6684 1.5122 41.6755 0.1485 2.1364
Car -1 -1 -1.4703 636.0593 189.9955 668.4958 216.5565 1.4929 1.5800 3.6704 2.6775 1.7932 43.0383 -1.4082 0.9773
Car -1 -1 -0.1421 779.4900 187.8015 838.1176 209.4942 1.4935 1.6129 3.7959 14.1411 1.6811 50.7826 0.1294 0.3284
