Car -1 -1 2.0187 192.1389 198.8547 387.8539 296.9360 1.4887 1.6795 4.2813 -5.8165 1.7910 13.6899 1.6170 18.2425
Car -1 -1 1.8510 389.8125 194.8038 473.5142 243.8130 1.4313 1.6257 4.0923 -5.7755 1.7787 23.8824 1.6138 12.5342
Car -1 -1 1.7806 438.5509 188.9608 496.9742 230.8434 1.5796 1.6033 3.6892 -5.6692 1.7430 29.2987 1.5895 11.2078
Car -1 -1 -0.3840 769.3766 173.4094 1084.4198 285.8063 1.6397 1.6730 4.2308 4.8005 1.4686 11.3538 0.0161 10.9163
Car -1 -1 -0.1363 675.2138 179.6548 804.9492 229.8482 1.5388 1.6517 3.8764 4.0996 1.3694 22.9380 0.0405 10.0570
Car -1 -1 -0.3371 722.4285 178.7009 904.7852 250.8654 1.5326 1.5991 3.6183 4.5010 1.3954 16.1800 -0.0657 9.8397
Car -1 -1 1.6665 486.1882 186.3999 522.2391 216.6151 1.5701 1.6056 3.7676 -5.6596 1.6394 39.4211 1.5239 8.3028
Car -1 -1 -0.2615 701.8371 182.4171 868.2726 239.8990 1.4306 1.5594 3.9349 4.4879 1.3621 18.7178 -0.0262 8.1624
Car -1 -1 -0.3258 740.2423 178.2977 976.5632 261.8684 1.5208 1.6657 3.9930 4.6678 1.3960 13.9147 -0.0021 7.6743
Car -1 -1 -0.0713 643.8616 178.5534 693.8505 196.7297 1.3737 1.5400 3.7168 4.6407 0.8713 55.1172 0.0127 3.2298
