Car -1 -1 1.8409 438.2424 180.3393 518.1823 240.6698 1.8948 1.6544 4.1367 -4.3842 1.7428 24.7108 1.6653 16.0752
Car -1 -1 -0.4765 813.5826 188.9542 1115.1473 292.0978 1.4377 1.5572 3.8192 5.2140 1.5000 10.9143 -0.0309 11.4129
Car -1 -1 -0.2892 748.1008 175.7246 931.7880 245.6497 1.6918 1.7405 4.1177 5.7480 1.4633 18.2898 0.0153 10.6008
Car -1 -1 1.8040 479.3550 186.3797 537.8105 224.2321 1.5289 1.6479 3.9294 -4.2630 1.5838 31.1921 1.6682 8.3690
Car -1 -1 -0.0410 698.0296 182.1633 775.2823 214.4523 1.6260 1.6535 3.8598 6.6031 1.4735 37.2751 0.1344 7.1050
Car -1 -1 -1.0039 983.2178 200.5840 1240.0000 375.0000 1.4665 1.6117 3.7199 4.7225 1.6007 4.9860 -0.2456 5.1265
Car -1 -1 -0.3105 763.0687 164.3437 922.2535 230.5657 1.9197 1.7440 4.2365 6.9555 1.3158 21.7081 -0.0004 3.9430
Car -1 -1 1.6516 521.3622 184.0876 556.0334 213.2039 1.5429 1.6177 3.8472 -3.8273 1.4843 40.0244 1.5563 3.2202
Car -1 -1 1.4893 545.8708 186.6480 574.1251 208.9573 1.4882 1.6386 4.1229 -3.4059 1.5940 50.3871 1.4218 2.7784
Car -1 -1 -0.1683 673.1676 186.1703 731.7253 209.3819 1.5535 1.5976 3.7448 6.4103 1.6209 49.0489 -0.0384 -1.1518
Car -1 -1 0.2180 545.5589 188.5871 598.6736 208.9758 1.5044 1.6160 3.7639 -2.7026 1.7665 54.5187 0.1685 -1.2339
