Car -1 -1 -0.4311 783.8630 169.3563 1092.7977 286.1135 1.5797 1.6118 3.8006 4.6402 1.3662 10.5603 -0.0171 10.2265
Car -1 -1 1.7751 406.2311 189.3894 469.6214 231.8815 1.4617 1.5859 3.7546 -6.3333 1.6306 26.9937 1.5446 7.7151
Car -1 -1 -0.1168 645.0912 174.6797 739.9955 210.2093 1.7035 1.7174 4.4580 4.0782 1.1994 35.3246 -0.0019 7.5093
Car -1 -1 -0.8606 950.0809 187.3233 1240.0000 375.0000 1.4045 1.5791 4.0126 4.0194 1.4185 3.5582 -0.0144 7.1725
Car -1 -1 -0.5869 818.7623 173.9713 1240.0000 330.3381 1.5522 1.6627 4.2940 4.7207 1.4417 8.0877 -0.0585 4.9455
Car -1 -1 1.7056 477.4023 185.6867 513.3985 211.2172 1.4477 1.5964 4.0144 -6.6747 1.4783 42.8564 1.5511 4.5091
Car -1 -1 1.5010 501.4211 184.9850 527.8977 205.8553 1.4742 1.6440 4.1222 -6.9116 1.4591 52.9581 1.3712 4.4391
Car -1 -1 -0.0838 635.6353 177.2858 690.7729 199.5366 1.5499 1.6130 3.7677 3.8751 0.9986 50.8891 -0.0078 4.1145
Car -1 -1 -0.5071 701.2686 174.4481 898.1339 252.7854 1.5596 1.6473 3.8034 4.0686 1.3463 15.5787 -0.2517 3.2181
Car -1 -1 -0.5210 735.8961 181.4497 955.9467 268.1502 1.4363 1.5647 3.4715 4.2065 1.3751 13.0303 -0.2088 1.6250
Car -1 -1 -0.0093 292.7078 194.4053 423.3835 248.0534 1.4468 1.5177 3.5083 -7.3408 1.7349 21.1353 -0.3436 0.7597
Car -1 -1 1.6978 465.4593 184.1313 507.7096 215.1865 1.5914 1.7147 4.4597 -6.5535 1.5370 39.0953 1.5317 -1.0587
