Car -1 -1 1.7466 455.8283 182.1269 501.8740 217.5870 1.6919 1.6363 3.8480 -6.4654 1.5456 36.2189 1.5699 11.9254
Car -1 -1 1.8467 334.4826 194.1676 435.2420 253.3169 1.4548 1.6589 4.1101 -6.2175 1.7355 20.3748 1.5505 11.8117
Car -1 -1 -0.4703 783.9773 171.7511 1153.7418 302.1194 1.4324 1.5881 3.7071 4.1473 1.2856 8.7386 -0.0272 10.1511
Car -1 -1 1.5561 495.2305 185.7069 522.2026 210.2013 1.5046 1.6496 4.1439 -6.4510 1.5389 46.4124 1.4180 7.9748
Car -1 -1 -0.1709 651.7992 169.3890 773.0896 217.5069 1.8680 1.7461 4.5820 4.0961 1.2547 28.8447 -0.0298 5.1265
Car -1 -1 0.0356 657.0665 177.0780 731.7064 208.5959 1.6129 1.6395 3.8247 4.5494 1.1976 37.8894 0.1551 4.9591
Car -1 -1 0.0745 639.0014 180.4189 700.5797 205.3696 1.4974 1.5870 3.6666 3.8114 1.2106 44.2130 0.1605 4.4526
Car -1 -1 -2.0844 769.0335 172.2822 1018.3916 295.1426 1.5358 1.6774 4.1932 4.0662 1.3753 11.1883 -1.7358 3.4311
Car -1 -1 -0.8798 874.7439 174.8021 1240.0000 375.0000 1.4884 1.6193 3.6648 4.3663 1.4170 6.2742 -0.2719 0.5167
Car -1 -1 0.0964 613.6696 179.1464 689.4168 210.7939 1.8343 1.7665 4.3608 2.6134 1.4836 42.8745 0.1573 -1.1708
Car -1 -1 2.7967 692.7988 174.0699 833.9278 223.0365 1.6056 1.7601 4.4103 5.2585 1.2412 24.7364 3.0062 -1.3052
