Car -1 -1 1.9751 254.0371 196.2960 411.5404 276.5100 1.4651 1.6706 4.3046 -5.9081 1.7455 15.9219 1.6198 16.6409
Car -1 -1 2.2577 0.0000 199.8407 200.4530 375.0000 1.6749 1.6367 3.9933 -5.9999 1.8613 7.0929 1.5556 14.2453
Car -1 -1 1.8493 405.5944 191.9118 484.1372 236.4167 1.4507 1.6742 4.3128 -5.8830 1.7173 26.2921 1.6292 13.4093
Car -1 -1 -0.2893 742.0324 176.7090 996.9682 262.8383 1.5181 1.7128 4.2192 4.7421 1.3693 13.6190 0.0457 11.9609
Car -1 -1 1.7650 445.5296 188.3937 501.8632 225.3181 1.4951 1.6622 4.1268 -5.8360 1.6448 31.5326 1.5820 11.7722
Car -1 -1 -0.2594 722.2258 178.6059 918.8016 250.7353 1.5254 1.6364 3.9154 4.5883 1.3868 16.0542 0.0190 9.6483
Car -1 -1 -0.1301 668.6789 179.1460 789.5985 225.7904 1.5761 1.6580 3.9893 4.1370 1.3721 25.1800 0.0327 8.4326
Car -1 -1 1.6732 487.9153 186.7456 522.8951 213.3838 1.4634 1.6068 4.0692 -5.9273 1.5579 41.7883 1.5323 6.5397
Car -1 -1 -0.4348 701.9715 182.9385 855.2589 242.3698 1.4413 1.5769 3.5137 4.3231 1.3872 18.5607 -0.2060 5.7045
Car -1 -1 -0.0811 632.6333 178.2575 680.4264 197.5430 1.5213 1.5960 3.6969 3.8628 0.9735 57.5255 -0.0140 2.3585
Car -1 -1 -0.2404 687.0174 178.0924 819.2862 233.9886 1.5748 1.6365 3.5214 4.1670 1.3753 21.1477 -0.0459 1.1980
Car -1 -1 -0.1382 645.6427 179.4009 701.8598 201.0790 1.4747 1.5867 3.6915 4.5219 1.0803 49.7795 -0.0476 0.6691
