Car -1 -1 1.8580 322.4122 189.0577 437.9619 254.0241 1.4499 1.6692 4.2538 -5.7094 1.5610 18.4302 1.5576 17.7049
Car -1 -1 2.1630 0.0000 196.7232 272.8440 375.0000 1.6510 1.6105 3.8948 -5.5933 1.8152 8.2303 1.5661 14.6074
Car -1 -1 -0.3801 746.2405 176.5616 1028.0574 276.3828 1.5356 1.6725 4.0299 4.4372 1.4036 11.9399 -0.0243 10.8046
Car -1 -1 -0.1363 655.9580 173.0645 747.4638 204.5328 1.4624 1.6344 4.1344 4.3913 0.8988 34.2372 -0.0087 10.2146
Car -1 -1 -0.1606 685.9493 171.3723 803.7119 215.5240 1.5646 1.6567 4.0218 4.9135 1.0752 26.3464 0.0238 10.1065
Car -1 -1 -0.7841 961.5275 182.2467 1240.0000 375.0000 1.5403 1.6428 3.9434 4.5780 1.5259 4.5837 0.0006 9.1990
Car -1 -1 -0.6661 829.7210 163.8142 1240.0000 363.5032 1.6798 1.6583 4.0686 4.4335 1.5009 7.0847 -0.1069 7.1622
Car -1 -1 -1.7463 709.7514 169.1480 809.0053 242.9322 1.6097 1.7152 3.7142 3.5278 1.2603 17.5550 -1.5480 6.2264
Car -1 -1 -0.0870 629.7907 171.5882 691.3895 196.2200 1.5588 1.6385 3.8294 3.3483 0.6975 46.3359 -0.0149 0.1388
Car -1 -1 3.0714 625.3546 176.2285 672.1617 193.4277 1.4586 1.6090 3.9119 3.4879 0.6976 61.7918 3.1278 -0.1204
