Car -1 -1 1.8027 400.3688 188.1612 468.6522 229.8997 1.4919 1.6770 4.1583 -6.7040 1.6166 28.0664 1.5683 15.3785
Car -1 -1 1.8706 307.0463 188.5965 413.7991 256.2076 1.6067 1.6100 3.9044 -6.5227 1.7077 19.2495 1.5439 14.4935
Car -1 -1 2.0049 150.7366 177.1095 351.3758 293.1762 1.7495 1.6196 4.0641 -6.1545 1.6284 12.8730 1.5589 13.4097
Car -1 -1 -1.6570 658.4444 175.2380 716.1308 225.8291 1.7811 1.8148 4.1378 2.9086 1.4309 27.3901 -1.5512 9.0080
Car -1 -1 -0.2871 697.6830 174.4163 905.7911 248.7431 1.5761 1.6742 4.2070 4.1993 1.3483 16.1452 -0.0326 8.5873
Car -1 -1 -0.5783 811.4041 147.0710 1240.0000 343.4892 1.7171 1.6317 3.9688 4.2100 1.3848 7.1919 -0.0487 8.3268
Car -1 -1 1.7442 453.8853 186.1576 498.1632 216.0481 1.5117 1.6367 4.2098 -7.0380 1.5661 38.5950 1.5638 5.0754
Car -1 -1 -0.4540 743.7614 136.6932 1104.0583 289.1945 2.0398 1.8855 4.5446 4.4488 1.3919 10.6880 -0.0596 4.7943
Car -1 -1 1.7409 468.4639 184.6325 505.5361 210.9802 1.5242 1.6135 3.6592 -7.2725 1.4916 43.4150 1.5749 2.2377
Car -1 -1 -0.0580 619.7613 183.5391 675.5596 205.4293 1.4256 1.5593 3.6023 2.5899 1.3176 47.5996 -0.0037 0.8634
