Car -1 -1 1.8443 636.7305 186.2265 705.7710 235.8808 1.8577 1.7239 4.2089 2.6272 1.9031 29.2558 1.9338 11.7388
Car -1 -1 -3.5508 945.1040 190.7725 1240.0000 279.8426 1.5058 1.6467 4.2955 8.8032 1.6201 13.4695 -2.9719 10.0807
Car -1 -1 -0.5157 1025.9239 177.5540 1240.0000 373.9181 1.6689 1.7500 4.4484 7.0577 1.6049 7.4850 0.2403 8.7978
Car -1 -1 2.5317 0.0000 218.3220 253.1464 375.0000 1.5116 1.6474 4.1385 -4.4760 1.8274 4.6411 1.7644 7.2534
Car -1 -1 -0.1833 907.1421 183.6062 1088.0027 248.0643 1.7063 1.7029 4.2824 10.8811 1.6648 20.4805 0.3051 5.4437
Car -1 -1 2.3734 1152.9025 199.5206 1240.0000 375.0000 1.5173 1.6779 4.3353 6.6265 1.6410 4.9889 3.2988 5.3061
Car -1 -1 1.3925 722.0748 190.2695 753.9617 212.5823 1.5820 1.6666 3.9647 9.6962 1.9757 53.8454 1.5707 3.6375
Car -1 -1 -0.2242 851.6356 186.6295 911.1583 207.7077 1.4447 1.5665 3.6437 19.1365 1.5471 50.4332 0.1384 2.7554
Car -1 -1 -1.5613 706.7416 191.8348 734.6865 217.8204 1.4894 1.6263 3.7753 6.9360 1.9160 44.2112 -1.4057 2.5776
Car -1 -1 -1.7663 875.1739 187.5490 938.4134 228.4465 1.5966 1.6960 4.0953 12.5494 1.7037 30.4801 -1.3758 0.0704
Car -1 -1 -1.5970 870.8715 190.4929 905.5563 220.5049 1.5528 1.6896 4.0529 15.5860 1.8649 40.1541 -1.2267 -1.1246
