Car -1 -1 1.9901 171.5346 196.9546 354.5317 302.1319 1.6069 1.5939 3.8858 -6.2143 1.8584 13.3709 1.5551 15.4932
Car -1 -1 1.8774 353.4698 194.8401 450.7564 249.6372 1.4759 1.6798 4.2583 -6.2720 1.8041 22.2693 1.6029 14.8258
Car -1 -1 -0.1860 691.0307 180.8261 838.7384 238.4958 1.5454 1.6517 3.7942 4.2671 1.4289 20.1285 0.0229 10.5821
Car -1 -1 1.7864 438.6451 194.2892 494.1705 229.2577 1.4337 1.6302 4.1031 -6.3691 1.8726 32.6119 1.5936 8.4849
Car -1 -1 2.2438 0.0000 181.6027 210.2392 375.0000 1.7444 1.6097 3.6805 -5.9257 1.7179 7.3372 1.5644 8.1109
Car -1 -1 -0.4613 764.0577 177.4602 1109.3418 295.5154 1.4992 1.6231 4.0989 4.3736 1.4019 10.0390 -0.0504 7.6705
Car -1 -1 -0.8604 945.4996 89.8787 1240.0000 375.0000 1.8071 1.8129 4.6594 4.8724 1.3272 4.6485 -0.0515 6.3235
Car -1 -1 -0.0731 635.8185 183.4278 705.9394 210.2037 1.5224 1.6449 3.9408 3.5949 1.4219 41.7163 0.0128 6.2708
Car -1 -1 -0.3238 656.1027 182.3834 761.2216 222.7647 1.4888 1.5906 3.6846 3.8076 1.3855 27.6233 -0.1868 5.8839
Car -1 -1 1.5222 491.3889 190.0876 519.0001 215.0757 1.5553 1.6135 3.9989 -6.8605 1.8939 47.6799 1.3793 2.2600
Car -1 -1 -0.0498 713.7675 182.7976 780.5403 210.3372 1.5716 1.6333 3.7577 8.0858 1.4347 42.0890 0.1400 -1.3395
