Car -1 -1 2.4763 0.0000 209.9100 397.2264 375.0000 1.5301 1.6793 4.3976 -3.8806 1.8209 6.0763 1.9080 10.4432
Car -1 -1 -0.2361 989.2480 188.6765 1185.7341 257.1176 1.7593 1.7248 4.2935 13.2061 1.8649 20.1653 0.3437 9.3845
Car -1 -1 1.8183 718.6081 187.1881 784.5419 233.9596 1.7735 1.6906 4.2097 5.9781 1.8624 29.7085 2.0169 8.6146
Car -1 -1 -3.4930 1034.1397 191.9744 1240.0000 288.1147 1.5844 1.6166 4.0667 10.4327 1.7249 13.4269 -2.8324 8.1973
Car -1 -1 2.5077 1077.7112 189.8939 1240.0000 361.4394 1.6123 1.6998 4.1920 7.8514 1.6727 7.9583 3.2863 6.6927
Car -1 -1 1.2899 802.5504 190.0307 839.1756 211.2248 1.4870 1.5761 3.9015 15.7269 1.8581 53.2760 1.5770 1.8889
Car -1 -1 -0.4548 926.2419 199.6473 979.3601 217.2550 1.4365 1.5726 3.7358 29.1249 2.6736 60.7592 -0.0079 1.6356
Car -1 -1 2.4991 741.9233 195.2813 819.3234 222.9769 1.4602 1.6499 4.0751 9.7382 2.0517 40.5978 2.7345 -0.3352
Car -1 -1 -0.8740 787.7479 194.5742 852.2635 220.8062 1.4658 1.6029 3.8733 12.7329 2.0514 43.1473 -0.5870 -1.1829
Car -1 -1 -1.0231 936.6326 190.0920 988.0747 212.4386 1.4649 1.5579 3.5394 24.3717 1.8122 49.4257 -0.5650 -1.2416
