Car -1 -1 -0.4687 800.7782 176.8905 1176.5643 308.2435 1.4864 1.5827 3.8320 4.4760 1.3933 8.9297 -0.0041 10.2444
Car -1 -1 -0.4289 742.4780 171.1731 1028.7523 281.1169 1.5969 1.6643 3.9028 4.2252 1.3941 11.4122 -0.0743 9.0759
Car -1 -1 1.5815 468.4626 179.9374 501.0207 212.9681 1.6907 1.6487 4.0769 -6.6694 1.4216 38.9340 1.4119 8.8735
Car -1 -1 1.8042 373.5109 187.9136 450.6403 239.8436 1.5291 1.6123 3.5684 -6.2499 1.6240 23.1588 1.5406 8.6259
Car -1 -1 -0.1451 650.7585 169.5114 757.3418 209.5596 1.7005 1.7246 4.4097 4.1120 1.0348 31.4160 -0.0150 7.6326
Car -1 -1 -0.6058 876.6672 162.5214 1240.0000 351.1696 1.5411 1.6117 3.4468 4.4820 1.3569 6.7029 -0.0165 7.3204
Car -1 -1 1.5307 501.2810 183.5759 528.2173 205.7558 1.4465 1.6500 4.1755 -6.4071 1.3407 49.0736 1.4009 6.6858
Car -1 -1 -0.8759 984.0821 199.2463 1240.0000 375.0000 1.4355 1.6205 4.1837 4.6785 1.5375 4.2625 -0.0440 6.2959
Car -1 -1 -0.0768 636.1607 174.6579 701.6583 200.4022 1.6509 1.6816 4.1426 3.9321 0.9750 46.9483 0.0067 3.4145
Car -1 -1 -0.2702 637.3874 183.7642 701.9507 206.5921 1.3889 1.5547 3.7320 3.8186 1.3017 44.8401 -0.1853 0.5579
Car -1 -1 -0.1011 646.3417 180.4338 712.9962 209.5933 1.6180 1.5897 3.6089 4.0058 1.3538 40.6854 -0.0029 -0.0733
