Car -1 -1 1.8328 398.7796 180.1262 487.2755 243.3078 1.8459 1.7063 4.3501 -5.2286 1.6983 23.2056 1.6111 15.4156
Car -1 -1 -0.3028 730.2789 175.6090 922.9186 245.4016 1.5700 1.6719 4.0493 5.0325 1.3550 17.0341 -0.0156 11.8144
Car -1 -1 1.7766 447.2785 186.6185 505.5453 228.9522 1.6100 1.6020 3.7817 -5.3286 1.6722 29.3726 1.5971 10.1246
Car -1 -1 -0.1039 674.6734 182.7268 756.1762 215.0272 1.5801 1.6283 3.8916 5.3188 1.4595 36.0581 0.0426 8.8637
Car -1 -1 -3.7295 812.7037 188.9187 1143.5770 306.5415 1.4172 1.5203 3.7773 4.8345 1.4735 9.7115 -3.2676 8.3881
Car -1 -1 -0.3334 750.2838 161.3034 918.8227 231.3438 1.9097 1.7451 4.2540 6.3441 1.2589 20.5408 -0.0338 6.5723
Car -1 -1 1.5072 516.9092 186.2582 545.6883 209.0049 1.4709 1.6707 4.3037 -5.2681 1.5463 48.9515 1.4000 3.9372
Car -1 -1 -0.7783 1056.0676 212.3720 1240.0000 375.0000 1.3874 1.5625 3.9027 4.7252 1.5670 3.6956 0.1287 1.7098
Car -1 -1 1.6522 531.3078 188.3027 556.9618 210.1108 1.5787 1.6362 3.7842 -4.8044 1.8219 54.4690 1.5642 0.4124
Car -1 -1 -0.3187 667.3566 183.0142 744.4294 212.2651 1.5278 1.6153 3.7935 5.2280 1.4139 38.6835 -0.1844 -0.7735
