Car -1 -1 1.9396 198.3222 198.4421 375.9434 298.6300 1.4982 1.6481 3.9552 -5.7281 1.7808 13.2840 1.5325 17.4093
Car -1 -1 -0.1611 660.9709 176.2929 775.0137 212.5032 1.4325 1.6419 4.3815 4.3911 1.0806 29.2825 -0.0123 11.2840
Car -1 -1 -0.3671 750.2000 178.3881 1034.2838 274.6117 1.4587 1.6379 3.9849 4.4309 1.3563 11.7239 -0.0057 11.0774
Car -1 -1 -0.2111 698.5208 174.9798 834.1106 225.8918 1.4566 1.5573 3.6822 4.5917 1.1649 21.3427 0.0008 10.5678
Car -1 -1 -0.5709 819.1074 176.3928 1240.0000 340.2924 1.4056 1.5659 3.8419 4.1658 1.3311 7.0103 -0.0348 9.2903
Car -1 -1 -0.3323 733.5667 177.7366 952.9766 256.6715 1.4598 1.5708 3.7895 4.4677 1.3226 14.1248 -0.0260 7.7999
Car -1 -1 -0.2818 726.1781 169.4948 885.7930 233.7315 1.6429 1.6446 3.8075 5.1745 1.2420 19.2399 -0.0191 2.3367
Car -1 -1 -0.0943 648.2987 174.8867 717.8649 201.4634 1.4839 1.6184 3.8036 4.2245 0.9083 40.9586 0.0084 1.7818
Car -1 -1 1.8465 504.6936 184.2016 540.5802 206.1054 1.4498 1.5207 3.6439 -5.8403 1.3838 49.4943 1.7291 0.1118
Car -1 -1 -0.0672 628.5392 179.6825 672.8503 196.4957 1.4187 1.5543 3.6832 3.6352 0.9529 61.4459 -0.0081 -0.6636
Car -1 -1 1.6889 506.0454 186.9112 534.3237 207.7519 1.4619 1.6065 3.9470 -6.4024 1.5920 52.7184 1.5681 -0.9238
