Car -1 -1 1.8625 361.3147 177.8882 459.1988 246.3658 1.8445 1.6854 4.1443 -5.7990 1.6483 21.4540 1.5985 16.4962
Car -1 -1 2.5500 813.7427 183.1586 1236.1018 330.4450 1.5098 1.6545 4.0357 4.6135 1.4899 8.3659 3.0540 12.7160
Car -1 -1 1.7540 463.4366 184.5260 510.7470 216.2397 1.5294 1.6626 4.1137 -6.1308 1.4973 36.7348 1.5886 11.7513
Car -1 -1 1.7877 418.7681 185.0502 481.5768 229.7101 1.6121 1.6091 3.7184 -6.0535 1.6073 27.8066 1.5733 10.9380
Car -1 -1 -0.3419 723.5780 172.9991 935.4292 250.4247 1.5891 1.6690 4.0941 4.6860 1.3395 15.6894 -0.0517 9.0838
Car -1 -1 3.1553 654.5510 179.7624 737.2534 213.1117 1.5604 1.6284 3.8705 4.2172 1.3064 34.6983 3.2762 6.8209
Car -1 -1 -0.3211 742.2123 160.3351 933.4574 240.2445 2.0251 1.7412 4.5262 5.9677 1.3957 19.1262 -0.0187 5.6136
Car -1 -1 1.8584 493.3063 184.2409 535.3157 207.7657 1.4760 1.6404 4.1121 -6.1111 1.4160 47.2590 1.7299 5.5581
Car -1 -1 -2.1158 654.4532 180.6257 745.2066 219.5932 1.4113 1.6103 4.1393 3.4827 1.2462 28.2499 -1.9931 1.6650
Car -1 -1 -1.6635 660.4519 178.7203 695.8248 207.9339 1.5568 1.6162 3.7776 3.8609 1.2118 40.1959 -1.5678 -0.8856
