Car -1 -1 2.1041 11.0329 194.3138 308.5586 345.6373 1.5596 1.5810 3.7915 -5.6018 1.7054 9.5305 1.5727 17.3836
Car -1 -1 1.8279 347.5086 188.9523 448.2856 247.6215 1.4115 1.6265 4.1637 -5.6371 1.5257 19.6572 1.5486 16.7772
Car -1 -1 -0.3318 738.4200 176.3530 987.7343 261.9562 1.4682 1.6460 3.9772 4.4827 1.3173 13.1555 -0.0034 12.0127
Car -1 -1 -0.1259 654.5572 173.3641 743.8444 204.7079 1.5100 1.6628 4.1905 4.4280 0.9402 35.4623 -0.0016 11.7226
Car -1 -1 2.5747 812.4004 168.9825 1240.0000 320.1740 1.5448 1.6702 4.4578 4.7760 1.3801 8.2718 3.0983 10.3114
Car -1 -1 -0.1804 683.7620 171.4319 785.6543 212.8955 1.5431 1.6494 3.6097 4.7775 1.0313 27.5900 -0.0090 8.4279
Car -1 -1 -0.6952 899.9774 180.2794 1240.0000 375.0000 1.4622 1.6009 3.8959 4.5711 1.4295 5.7849 -0.0265 7.6058
Car -1 -1 -1.7220 706.5883 170.7576 795.4878 239.8099 1.6338 1.7083 3.8356 3.6129 1.2929 18.9531 -1.5337 3.8901
Car -1 -1 1.6605 536.8479 177.7475 556.0094 193.0802 1.4691 1.5507 3.7597 -6.0163 0.7547 70.7574 1.5757 3.1457
Car -1 -1 1.8421 366.7898 185.0056 455.0980 236.4425 1.5234 1.6999 4.1983 -6.3185 1.5183 23.3920 1.5783 0.6184
