Car -1 -1 1.8933 338.7778 194.8328 452.9586 256.9998 1.4443 1.6850 4.3089 -5.6435 1.7365 19.5618 1.6124 16.0483
Car -1 -1 2.1912 0.0000 206.2990 310.2118 371.0391 1.4786 1.6934 4.3146 -5.7226 1.8150 9.2210 1.6357 15.7183
Car -1 -1 1.8197 406.9205 189.5754 483.1592 240.8159 1.6008 1.6460 3.9049 -5.5450 1.7642 24.7659 1.5994 13.0565
Car -1 -1 1.6774 474.5688 189.4108 515.9332 220.9190 1.4196 1.5926 3.7073 -5.4216 1.6347 34.7762 1.5228 12.1701
Car -1 -1 -0.2276 696.2927 184.0371 868.1374 243.1069 1.4473 1.6189 4.0134 4.3295 1.4196 18.4250 0.0031 11.0882
Car -1 -1 -0.4256 772.1480 179.0153 1049.2868 280.3196 1.5121 1.5895 3.8058 4.7002 1.4207 11.5974 -0.0406 9.7652
Car -1 -1 -0.5748 872.7008 182.3468 1240.0000 375.0000 1.5909 1.6776 4.1989 4.8562 1.5686 6.7979 0.0455 9.5018
Car -1 -1 -0.4572 810.0263 174.1647 1166.0484 306.5722 1.5598 1.6442 3.7347 4.6625 1.4308 9.3007 0.0075 9.3485
Car -1 -1 -0.3070 739.1200 181.1690 961.5742 260.4839 1.4690 1.6099 3.8315 4.5939 1.3952 14.1295 0.0073 4.6383
Car -1 -1 -0.6559 616.1139 191.6126 662.5647 210.3410 1.4568 1.5889 3.5625 2.5787 1.9955 58.7308 -0.6120 -0.5091
Car -1 -1 1.6986 487.3968 186.4987 526.3548 215.2260 1.5091 1.6453 4.0309 -5.5826 1.5852 39.9639 1.5598 -1.2273
Car -1 -1 0.0343 654.7255 178.8966 723.4670 206.7910 1.5274 1.6183 3.7680 4.5612 1.1825 40.4335 0.1466 -1.3815
