Car -1 -1 -0.2458 715.8525 172.9519 893.9243 241.8364 1.5585 1.6255 3.7980 4.5397 1.2822 17.0991 0.0137 10.7993
Car -1 -1 -0.4371 742.7976 179.8169 1107.9171 291.9766 1.4312 1.6531 4.4092 4.2185 1.3634 10.0851 -0.0409 10.0785
Car -1 -1 1.7210 443.3400 188.2150 492.2512 222.0175 1.4619 1.6387 4.1486 -6.4979 1.6119 33.5655 1.5298 9.2181
Car -1 -1 -0.3496 673.7825 175.4041 805.4008 226.6146 1.4813 1.5841 3.6155 3.9275 1.1987 21.8800 -0.1720 8.6638
Car -1 -1 -0.4406 724.9643 176.6600 949.3167 254.2424 1.4621 1.5975 4.0545 4.5374 1.3020 14.6165 -0.1396 7.6097
Car -1 -1 -0.2639 693.8606 178.2185 849.0120 235.8923 1.4863 1.5860 3.7971 4.2974 1.3071 19.4005 -0.0459 7.4781
Car -1 -1 1.6708 485.4626 186.6714 518.9456 212.3865 1.5476 1.6864 4.2938 -6.6826 1.6457 45.6897 1.5256 4.3377
Car -1 -1 -0.0799 637.6749 178.1373 709.2948 204.8295 1.5230 1.6665 4.0305 3.7588 1.1203 41.8660 0.0096 4.2395
Car -1 -1 1.5540 494.0149 187.3417 518.7652 211.4076 1.5636 1.6025 3.6972 -6.9607 1.7155 48.9989 1.4129 0.9125
Car -1 -1 -0.0857 621.7018 180.4369 670.4541 200.2616 1.5592 1.5965 3.7623 3.0200 1.1845 57.3952 -0.0331 0.1291
