Car -1 -1 1.9454 296.8282 197.1231 436.2697 269.4516 1.4378 1.6897 4.2780 -5.6135 1.7599 17.1903 1.6298 15.6665
Car -1 -1 1.8371 387.4185 190.3006 474.1929 246.3927 1.5743 1.6467 3.9791 -5.4751 1.7492 22.5490 1.5989 13.0912
Car -1 -1 1.7132 463.1984 189.1277 511.4463 224.0740 1.4617 1.6189 3.8362 -5.4039 1.6499 32.4333 1.5481 12.6998
Car -1 -1 -0.5611 871.0000 182.3435 1240.0000 359.5896 1.4988 1.6070 3.9224 4.7439 1.4756 6.9518 0.0378 12.6901
Car -1 -1 -0.5025 811.5635 178.5200 1167.1829 307.0393 1.5130 1.5921 3.7824 4.7156 1.4353 9.3188 -0.0341 10.7936
Car -1 -1 -0.2702 711.6135 180.2016 908.3580 252.2794 1.5363 1.6350 3.9560 4.3852 1.4305 16.1450 -0.0050 10.7760
Car -1 -1 2.2683 0.0000 210.8446 234.7256 375.0000 1.4584 1.6289 4.0843 -5.6618 1.7869 7.1155 1.5962 10.7581
Car -1 -1 -0.3294 764.2729 181.6150 1034.7789 280.5903 1.4994 1.5954 3.7838 4.5595 1.4460 11.7598 0.0405 10.0450
Car -1 -1 -0.7846 990.8157 185.9160 1240.0000 375.0000 1.5041 1.6017 3.9865 4.7623 1.5104 4.4835 0.0309 9.4244
Car -1 -1 -1.6804 676.8202 177.9115 732.6662 222.5241 1.5693 1.6794 3.6935 3.5521 1.3135 27.1468 -1.5503 7.4330
Car -1 -1 -0.0821 650.4768 180.2901 714.6870 202.9280 1.4953 1.6586 4.1709 4.9721 1.1710 48.3493 0.0204 1.8129
Car -1 -1 -0.1373 668.8128 177.8002 737.6670 204.2239 1.4641 1.5787 3.6737 5.3318 1.0543 40.6283 -0.0068 0.9332
