Car -1 -1 -0.4219 786.1799 174.3440 1116.3278 292.3771 1.5141 1.5868 3.8430 4.5534 1.3758 10.0200 0.0046 12.8208
Car -1 -1 -0.2506 685.3595 181.5430 872.9667 242.4053 1.4372 1.6214 4.2540 4.1082 1.3516 17.8334 -0.0242 10.9836
Car -1 -1 -0.7071 943.0103 184.5916 1240.0000 375.0000 1.5087 1.6164 4.0406 4.8152 1.5059 5.2925 0.0311 10.1138
Car -1 -1 -0.1817 679.9775 176.7175 805.3102 223.7338 1.5813 1.6571 4.0472 4.5798 1.2966 25.0030 -0.0005 5.1418
Car -1 -1 -0.0736 632.0205 182.8280 693.5959 204.2488 1.4552 1.6307 4.1292 3.7464 1.2941 49.6481 0.0018 4.5616
Car -1 -1 -1.4844 661.1717 177.8434 706.8913 217.0442 1.5673 1.6368 3.5767 3.2674 1.2737 30.6491 -1.3782 3.6466
Car -1 -1 -1.4444 1118.9565 189.5125 1240.0000 375.0000 1.4461 1.6189 3.9088 4.3845 1.4798 3.6989 -0.5744 2.8992
Car -1 -1 2.2492 0.0000 220.2826 190.2798 375.0000 1.4995 1.6775 4.1567 -6.1936 1.9523 7.1476 1.5352 2.6271
Car -1 -1 1.5255 504.1852 186.0621 529.5344 207.4703 1.5208 1.6732 4.2482 -6.8147 1.5876 53.4763 1.3987 1.3720
Car -1 -1 -0.7235 865.9824 176.4752 1240.0000 342.4810 1.5658 1.6741 3.8255 4.9976 1.4844 7.9073 -0.1599 0.5259
Car -1 -1 -0.0369 623.4964 178.7854 667.6706 194.1799 1.3794 1.5562 3.9457 3.3984 0.8044 65.2180 0.0152 0.3924
Car -1 -1 0.0163 580.1940 182.7588 636.3210 204.4269 1.5507 1.6707 4.0200 0.0291 1.3760 52.3121 0.0169 -0.3381
