Car -1 -1 -0.4850 815.5699 172.5402 1222.9569 306.8973 1.4811 1.6221 4.0254 4.7235 1.3425 8.7517 0.0099 12.1156
Car -1 -1 -0.2462 690.5237 181.1169 889.4408 248.0447 1.4647 1.6393 4.1633 4.0410 1.3761 16.5622 -0.0069 12.0324
Car -1 -1 -0.8508 1019.4026 194.6439 1240.0000 375.0000 1.5284 1.6259 3.9535 4.6997 1.5934 4.0304 0.0111 9.4005
Car -1 -1 -0.1254 660.5720 180.0357 757.3568 218.1633 1.4594 1.5657 3.6032 3.8951 1.2622 28.3144 0.0113 8.8654
Car -1 -1 -0.0714 632.2561 181.0091 691.0574 202.5781 1.4269 1.5771 3.8383 3.5707 1.1497 48.3442 0.0023 5.9765
Car -1 -1 -0.4888 935.4548 172.1591 1240.0000 371.7023 1.4852 1.6347 3.7989 5.1515 1.3891 6.4939 0.1818 3.8493
Car -1 -1 1.7261 468.6853 189.9379 507.9422 218.5648 1.4830 1.5650 3.8809 -6.5933 1.7585 39.8247 1.5621 3.5574
Car -1 -1 -0.5888 660.9030 181.4044 767.8182 223.9327 1.4709 1.5936 3.5991 3.8726 1.3402 26.3493 -0.4429 3.1774
Car -1 -1 -1.7100 686.3043 179.2213 769.8148 240.9086 1.4965 1.6538 4.0301 3.0955 1.3522 19.4648 -1.5523 1.7981
Car -1 -1 -0.0633 634.3438 182.8763 694.3991 206.7680 1.4317 1.5810 3.5596 3.3973 1.2927 43.8891 0.0139 -0.5213
