Car -1 -1 1.8199 599.1679 186.4854 668.1414 236.5451 1.8321 1.7513 4.2728 1.0838 1.8880 28.7184 1.8576 13.0446
Car -1 -1 -0.4085 908.5671 193.6026 1204.2007 280.2063 1.4526 1.6411 4.3784 8.0721 1.6227 13.3745 0.1346 10.8183
Car -1 -1 -0.2501 870.0615 184.3284 1043.5883 243.0541 1.5702 1.6854 4.1459 9.7374 1.5476 20.4444 0.1944 8.8623
Car -1 -1 2.5930 0.0000 222.6454 176.6267 375.0000 1.4408 1.6031 3.9268 -4.6766 1.7603 4.0421 1.7349 8.3993
Car -1 -1 -0.5296 998.8621 169.9782 1240.0000 369.5432 1.6706 1.7156 4.3961 6.5991 1.5441 7.3016 0.2053 7.9286
Car -1 -1 -0.6942 1137.0432 218.8179 1240.0000 375.0000 1.4157 1.5699 4.1802 6.2063 1.6961 4.7397 0.2244 6.1893
Car -1 -1 1.6086 691.6040 189.8817 715.2063 211.6948 1.5402 1.6044 3.8161 7.1475 1.9026 53.6332 1.7411 3.3696
Car -1 -1 -1.4199 861.8457 190.8370 928.4317 237.9887 1.4651 1.5952 3.7049 9.9349 1.6759 24.8104 -1.0390 2.4084
Car -1 -1 -2.0712 838.1287 188.5559 916.0534 223.7490 1.4744 1.6141 3.9114 12.0651 1.6363 32.5530 -1.7162 1.0522
Car -1 -1 0.4788 635.2221 191.9659 705.9674 218.3776 1.4853 1.6184 3.9133 3.7184 1.9069 43.0386 0.5650 0.8012
