Car -1 -1 1.8583 375.8799 192.8514 461.4679 240.2082 1.4709 1.7033 4.4941 -6.5723 1.7654 25.3324 1.6045 15.1933
Car -1 -1 2.1152 0.0000 181.6650 294.0314 345.8952 1.8155 1.6091 4.0240 -6.0748 1.7773 9.9574 1.5674 15.0015
Car -1 -1 1.9217 253.7117 192.2653 388.2858 276.2422 1.6493 1.5933 3.8931 -6.4097 1.8306 16.4071 1.5492 14.7487
Car -1 -1 -0.4072 734.2435 176.3984 1008.1282 262.7296 1.4661 1.6822 4.4180 4.6554 1.3175 13.1936 -0.0680 10.2172
Car -1 -1 -0.1275 669.0135 179.8956 786.7656 229.5883 1.5459 1.6389 3.5687 3.7703 1.3815 23.2374 0.0334 9.9861
Car -1 -1 -0.6451 831.6382 102.9912 1240.0000 332.8425 2.1171 1.9728 5.0474 5.1955 1.3609 7.7380 -0.0538 8.0892
Car -1 -1 1.7010 487.1802 189.0897 516.8355 211.3395 1.4924 1.5966 3.7831 -7.4513 1.7774 50.7785 1.5553 3.5540
Car -1 -1 1.7289 463.4475 189.9053 504.2159 219.5223 1.5675 1.6616 4.0347 -6.9895 1.8475 40.7116 1.5589 2.3161
Car -1 -1 -0.9620 940.2961 136.5028 1240.0000 375.0000 1.8343 1.7623 4.5040 4.5568 1.6234 4.3375 -0.1519 1.4223
Car -1 -1 -0.9678 654.1598 179.8809 748.4364 224.6512 1.5271 1.6503 3.6653 3.4536 1.3462 26.4298 -0.8379 0.6274
