Car -1 -1 2.2015 0.0000 214.9935 223.4686 375.0000 1.4647 1.6319 3.9937 -5.7953 1.8536 7.3298 1.5325 11.4586
Car -1 -1 -0.2046 732.4943 174.0631 941.5994 251.9874 1.5222 1.6252 3.9068 4.6027 1.3055 15.0287 0.0926 10.3343
Car -1 -1 -0.1971 667.9936 176.4615 810.3079 221.4546 1.3861 1.5792 4.2438 4.0848 1.1176 22.9769 -0.0211 9.7152
Car -1 -1 -0.5353 819.0599 176.4767 1240.0000 327.7674 1.4787 1.6076 3.9596 4.4781 1.3944 7.8605 -0.0175 9.1950
Car -1 -1 -0.7384 897.0616 168.0921 1240.0000 375.0000 1.4931 1.6069 3.7821 4.3744 1.3851 5.5055 -0.0670 8.7509
Car -1 -1 -0.3619 775.1031 172.4504 1002.5450 263.9438 1.5483 1.5828 3.4795 4.8917 1.3334 12.9540 -0.0008 7.0345
Car -1 -1 -0.4235 784.1148 176.7388 1091.3195 287.9832 1.4939 1.6389 3.7318 4.5939 1.3812 10.4893 -0.0107 5.5132
Car -1 -1 1.7156 486.0771 185.1482 519.5206 208.9841 1.4688 1.5881 3.8673 -6.7287 1.4658 46.2268 1.5711 2.8024
Car -1 -1 -0.0346 689.8416 176.1933 793.6924 218.2429 1.5478 1.6330 3.7995 5.0446 1.2168 27.5409 0.1465 1.6403
Car -1 -1 1.8679 473.6274 183.7025 520.4389 211.3458 1.5406 1.6083 4.0187 -6.4608 1.4574 42.1636 1.7158 0.8857
Car -1 -1 -0.8685 650.0326 170.7575 744.3679 215.1472 1.7441 1.7131 4.0751 3.7774 1.1771 30.2506 -0.7443 0.7711
Car -1 -1 -0.0367 614.3315 180.3057 666.4838 200.1855 1.4893 1.6100 3.9034 2.4364 1.1226 54.6681 0.0079 -1.3297
