Car -1 -1 -0.3443 763.1214 171.4127 1029.7998 272.5471 1.5501 1.6343 3.7524 4.5601 1.3397 11.8734 0.0224 10.3236
Car -1 -1 1.7579 413.9291 190.0943 474.1075 230.5985 1.4498 1.6025 3.8868 -6.3731 1.6555 28.1719 1.5354 9.8280
Car -1 -1 -0.2803 695.4220 175.5783 889.1397 247.5234 1.5750 1.6508 4.0387 4.1228 1.3652 16.6336 -0.0373 8.7486
Car -1 -1 -0.1107 643.3464 173.5257 737.9088 205.9293 1.6138 1.7425 4.6243 4.1393 1.0327 36.6718 0.0017 8.5217
Car -1 -1 -0.4692 786.5578 177.5041 1196.5553 308.0249 1.5383 1.7103 4.4120 4.6897 1.4485 9.3313 -0.0035 8.4070
Car -1 -1 -0.4374 726.2342 180.6640 928.5066 259.4688 1.4444 1.5306 3.5004 4.2168 1.3621 14.1879 -0.1486 8.2656
Car -1 -1 1.7214 477.5774 183.8196 516.0861 210.4366 1.5599 1.7221 4.2751 -6.7989 1.4792 44.2646 1.5690 6.4872
Car -1 -1 -0.8397 896.6420 181.6362 1240.0000 375.0000 1.4857 1.6063 3.6715 4.0801 1.4674 4.9528 -0.1506 4.7079
Car -1 -1 0.6342 474.3198 185.5236 532.9448 206.2524 1.4972 1.6605 4.1560 -7.8035 1.5220 53.6780 0.4898 3.3830
Car -1 -1 1.5901 478.1915 183.7147 509.8154 213.5881 1.5956 1.6738 4.1633 -6.4059 1.5165 40.5679 1.4335 -0.2834
