Car -1 -1 1.9026 595.4325 184.0496 730.5538 261.1884 1.4551 1.6544 4.2481 1.3207 1.4342 15.8331 1.9858 14.1253
Car -1 -1 -2.1617 0.0000 198.3462 217.3943 312.6363 1.6798 1.6940 3.5683 -8.7941 1.9318 12.3090 -2.7820 8.5430
Car -1 -1 -0.4684 1047.6067 166.7989 1231.7819 220.9290 1.4309 1.5797 3.8390 14.6842 0.9452 20.0888 0.1628 7.6347
Car -1 -1 1.6848 764.8746 175.6567 810.6773 210.0202 1.4702 1.6180 3.6794 8.2161 1.0624 32.7589 1.9305 7.5249
Car -1 -1 -1.3569 702.6547 165.6031 780.7045 224.8318 1.7575 1.6863 4.0464 4.4240 1.1766 23.5184 -1.1709 6.2355
Car -1 -1 -0.5506 1145.6243 184.6268 1240.0000 293.9617 1.3504 1.5383 4.0870 10.2408 1.3442 10.1097 0.2412 6.0350
Car -1 -1 -0.3406 1073.2489 165.9584 1240.0000 257.7520 1.5173 1.6634 4.1995 11.2838 1.2001 13.3954 0.3594 4.5712
Car -1 -1 -0.5285 988.5718 167.1935 1100.3894 201.9441 1.4318 1.5868 3.7597 18.3933 0.6904 30.4365 0.0151 4.1301
Car -1 -1 -0.4724 943.5657 164.3248 999.3085 182.4246 1.4149 1.5476 3.6542 28.9031 -0.2241 57.2148 -0.0047 3.3037
Car -1 -1 1.4467 813.2470 168.3784 847.0905 194.6698 1.7150 1.6958 4.1754 15.1166 0.6178 49.0912 1.7454 1.7210
