Car -1 -1 1.9071 464.8001 188.3553 585.1330 256.4755 1.4720 1.6767 4.2104 -1.9607 1.5614 17.9760 1.7985 14.4043
Car -1 -1 -0.2742 855.5383 161.7628 1072.4019 231.0021 1.5561 1.6676 4.3998 8.3747 1.0302 17.3569 0.1753 10.2225
Car -1 -1 -0.3834 899.8361 165.3938 1173.9661 246.7118 1.4478 1.6686 4.2419 8.0480 1.0960 13.9184 0.1409 9.9937
Car -1 -1 1.6561 625.8207 178.5202 663.0318 208.0141 1.3893 1.5438 3.6751 1.8381 1.0750 35.7832 1.7075 9.0529
Car -1 -1 -2.2646 0.0000 214.9484 97.8350 321.6343 1.6320 1.6279 3.6831 -11.3571 2.2015 12.6640 -2.9957 7.3956
Car -1 -1 1.7523 568.6802 167.6557 631.2485 225.0968 1.9182 1.5798 3.9563 -0.2434 1.3330 26.0865 1.7430 6.7309
Car -1 -1 1.6364 670.1615 170.8119 696.6624 194.3857 1.6678 1.6773 4.1649 5.6003 0.6499 53.0481 1.7416 4.1628
Car -1 -1 -0.1378 791.5360 162.9491 845.7542 182.2973 1.6488 1.7232 4.3456 18.3636 -0.2585 62.7790 0.1468 2.2137
Car -1 -1 -0.2322 746.3797 164.0744 805.0789 184.1132 1.4856 1.6364 4.0406 12.6168 -0.0833 54.2074 -0.0035 0.5076
Car -1 -1 -1.5005 671.9168 163.5108 699.4613 189.8235 2.0466 1.8999 4.7039 6.3577 0.3595 58.3913 -1.3920 -0.7586
