Car -1 -1 2.0306 0.0000 205.2298 271.2593 359.0245 1.4812 1.6982 4.2513 -6.2340 1.8140 9.7007 1.4595 14.9374
Car -1 -1 1.7998 417.4011 184.0411 480.4446 224.1343 1.5282 1.6427 4.0431 -6.4519 1.4846 29.4286 1.5840 13.7187
Car -1 -1 -0.2219 658.1671 176.1585 774.4993 214.2168 1.4203 1.6107 4.1915 4.1066 1.0834 27.7831 -0.0752 10.0440
Car -1 -1 -0.1493 645.6394 176.2020 742.8277 211.1437 1.4762 1.6189 3.9934 3.6726 1.0965 31.2386 -0.0323 10.0086
Car -1 -1 2.6221 797.8726 168.2713 1240.0000 334.4347 1.5485 1.6255 3.9465 4.1357 1.3918 7.5436 3.1236 7.9478
Car -1 -1 -0.4737 767.8908 180.2504 1087.5113 291.9873 1.4289 1.5809 3.8134 4.3057 1.3666 10.1134 -0.0712 7.0489
Car -1 -1 1.6718 520.1082 177.0914 542.1836 193.3297 1.4322 1.5976 4.0725 -6.9515 0.7168 65.4364 1.5660 6.1596
Car -1 -1 -0.4020 749.7827 175.2891 1003.9636 265.6413 1.4998 1.6309 3.9325 4.6386 1.3362 12.8528 -0.0557 5.6896
Car -1 -1 1.6868 490.3027 183.3221 521.6345 205.9393 1.4438 1.6070 4.1025 -6.7679 1.3240 47.9539 1.5466 3.2507
Car -1 -1 -3.1056 645.4955 169.9175 765.7767 210.4197 1.5874 1.7913 4.7399 3.9714 0.9890 29.4545 -2.9715 1.5704
Car -1 -1 0.0946 627.0916 179.8585 670.1540 195.9756 1.4214 1.5732 3.7238 3.6699 0.9501 64.4543 0.1515 -0.7317
Car -1 -1 -0.5356 627.8675 182.8518 694.1580 207.2616 1.4595 1.5996 3.8152 3.2816 1.3193 44.5447 -0.4621 -0.8630
