Car -1 -1 1.8176 395.1127 184.4356 464.5713 227.7692 1.4944 1.6194 3.8100 -6.5556 1.4687 26.6972 1.5768 15.4176
Car -1 -1 2.1698 0.0000 210.7782 175.2178 375.0000 1.4107 1.6421 4.2411 -6.2709 1.7459 7.1890 1.4525 13.3534
Car -1 -1 -0.1724 644.9706 172.6538 738.7935 214.4739 1.6132 1.5714 3.4881 3.2669 1.1298 28.6131 -0.0587 11.0939
Car -1 -1 -0.4836 785.7536 175.0244 1099.1529 291.3289 1.4959 1.5993 3.7019 4.5315 1.3660 10.1586 -0.0640 10.7872
Car -1 -1 -0.2825 660.3337 175.2749 786.6655 217.7583 1.4214 1.5956 4.0691 3.9538 1.0899 25.0946 -0.1262 9.7998
Car -1 -1 -0.7315 898.1448 169.1504 1240.0000 375.0000 1.5485 1.6459 3.9880 4.2645 1.4585 4.9313 -0.0185 8.8814
Car -1 -1 -0.5677 826.3088 179.9941 1240.0000 339.2987 1.4451 1.5978 4.0453 4.4554 1.3988 7.3632 -0.0235 7.5785
Car -1 -1 1.5339 515.8934 173.8454 537.0369 192.0477 1.5353 1.6773 4.1927 -7.1444 0.5774 62.8264 1.4207 6.0117
Car -1 -1 1.5398 483.9328 181.5644 512.2865 206.6970 1.5105 1.6356 4.0249 -6.9749 1.2922 45.3279 1.3871 4.6382
Car -1 -1 -0.0984 637.4841 177.5669 701.1793 201.7501 1.4539 1.5765 3.7480 3.7127 0.9952 44.0303 -0.0143 3.8851
Car -1 -1 1.7490 443.7348 178.4495 493.0158 213.6280 1.6116 1.6692 3.9960 -6.7386 1.3028 34.9376 1.5585 2.7340
