Car -1 -1 1.8156 401.6507 185.3591 471.2517 226.4512 1.4637 1.6606 4.0903 -6.5349 1.4708 27.6718 1.5837 14.9222
Car -1 -1 2.1258 0.0000 206.7121 214.2227 375.0000 1.4249 1.6850 4.4206 -6.2611 1.7329 7.9664 1.4597 13.7039
Car -1 -1 -0.2702 656.5759 175.8811 780.4145 219.0224 1.4958 1.6475 4.1331 3.9153 1.1733 25.9875 -0.1207 10.8420
Car -1 -1 -0.5768 799.7354 180.2529 1185.6325 318.7807 1.4190 1.5546 3.7085 4.2518 1.3693 8.3266 -0.1047 9.7674
Car -1 -1 -0.4524 773.5160 174.5186 1064.0538 279.1999 1.4652 1.5765 3.7563 4.5532 1.3166 10.9547 -0.0584 8.7470
Car -1 -1 -0.1761 645.0187 173.3611 752.0407 213.8436 1.6089 1.6689 4.1267 3.6361 1.1389 29.5091 -0.0535 7.6380
Car -1 -1 1.5247 516.9100 176.5200 538.2784 195.0455 1.5807 1.6833 4.1016 -7.1186 0.8398 63.4889 1.4131 7.3843
Car -1 -1 -0.6554 863.4293 165.2826 1240.0000 375.0000 1.5549 1.7340 4.3234 4.4850 1.4188 5.8156 0.0015 7.2206
Car -1 -1 1.5802 487.8555 183.7848 513.0025 207.1245 1.4356 1.5337 3.7050 -6.8974 1.3487 46.1532 1.4318 5.2165
Car -1 -1 -0.2445 636.5431 177.9489 700.7725 202.0867 1.4748 1.5887 3.7317 3.7664 1.0319 45.0000 -0.1610 2.5948
