Car -1 -1 1.8807 214.7392 194.0583 375.0785 281.2267 1.4525 1.7035 4.4207 -6.1998 1.6627 14.7143 1.4819 16.2670
Car -1 -1 -0.3267 737.9600 172.0151 1008.6064 273.7176 1.6483 1.7155 4.0864 4.4132 1.4355 12.5291 0.0119 12.9255
Car -1 -1 -0.6784 909.6388 177.1409 1240.0000 372.0066 1.4423 1.6183 4.0404 4.8847 1.3837 6.1387 -0.0063 10.2422
Car -1 -1 1.7713 452.6098 183.6213 502.1705 214.4217 1.3939 1.5716 4.0396 -6.2332 1.3229 34.5664 1.5929 9.9788
Car -1 -1 -0.1250 641.0815 174.6525 732.0838 206.3695 1.5594 1.6887 4.3785 3.8899 1.0411 36.2222 -0.0180 8.5976
Car -1 -1 2.9604 654.8312 175.7871 749.3812 207.7062 1.4121 1.6038 4.0398 4.2133 0.9961 32.7067 3.0885 7.9984
Car -1 -1 -1.5745 485.9218 175.6662 516.4895 207.2292 1.7939 1.7243 4.2446 -6.4209 1.2523 43.0810 -1.7225 4.8849
Car -1 -1 -0.5363 843.8266 168.2747 1240.0000 310.3761 1.5076 1.5919 3.7693 4.8695 1.3290 8.4434 -0.0132 4.3971
Car -1 -1 1.6584 530.2641 179.4966 550.1365 194.8034 1.4569 1.5987 3.9702 -6.5941 0.9137 70.4054 1.5650 1.9603
Car -1 -1 3.2592 469.7158 179.4511 528.0629 205.6061 1.8525 1.7394 3.9855 -7.8338 1.4454 51.8458 3.1092 1.8966
Car -1 -1 -2.3714 707.7040 169.8587 880.7887 246.7625 1.6080 1.7119 3.8776 4.2536 1.2880 17.1252 -2.1280 0.5009
Car -1 -1 0.0225 660.1729 174.7012 728.1443 201.6831 1.4973 1.6156 3.7704 4.8996 0.9150 40.9532 0.1416 -1.0732
Car -1 -1 0.1455 481.4439 182.9275 534.4744 202.0842 1.4985 1.6126 3.9780 -7.9064 1.3206 57.0477 0.0077 -1.2366
