Car -1 -1 1.9111 178.9131 197.2119 358.6602 292.5792 1.4404 1.6970 4.3175 -6.2036 1.7063 13.6375 1.4841 15.6999
Car -1 -1 1.7698 445.2261 184.3569 498.0118 216.7458 1.4191 1.6200 4.2298 -6.3236 1.3826 33.6177 1.5839 13.0390
Car -1 -1 -0.3884 746.4991 170.0828 1050.9305 279.3235 1.6128 1.7219 4.1794 4.4373 1.3905 11.5128 -0.0205 12.7039
Car -1 -1 -0.1312 641.6328 177.5925 724.6196 207.9366 1.4493 1.6042 3.8603 3.6143 1.0863 35.1875 -0.0288 9.6150
Car -1 -1 -0.7546 958.4907 184.0519 1240.0000 375.0000 1.4668 1.6364 4.2307 4.9553 1.4611 5.1056 0.0159 8.2899
Car -1 -1 -0.2278 655.1412 177.8116 750.5423 211.0936 1.4212 1.5962 3.9065 4.1159 1.1062 31.6800 -0.0986 7.8174
Car -1 -1 1.6303 528.8490 177.6568 548.6866 193.2092 1.4540 1.6629 4.1294 -6.6274 0.7485 69.2962 1.5350 6.9044
Car -1 -1 2.5074 864.5625 172.6997 1240.0000 329.0650 1.4288 1.5720 4.1625 4.9690 1.3156 7.4451 3.0959 4.9673
Car -1 -1 3.2769 465.9204 183.6826 526.9585 204.3708 1.4394 1.6254 4.0871 -7.8604 1.3339 50.8603 3.1235 2.7534
Car -1 -1 1.4318 741.5894 169.1104 845.9392 248.7482 1.5676 1.7016 3.9461 3.9958 1.2517 16.1960 1.6737 0.9892
Car -1 -1 -1.5580 480.8570 174.2291 512.5162 207.8548 1.8655 1.7414 4.2574 -6.5048 1.2571 42.1069 -1.7113 0.4350
