Car -1 -1 1.8967 632.6889 182.5426 775.8479 263.5570 1.4570 1.6916 4.3204 2.1521 1.4100 15.2339 2.0370 14.6905
Car -1 -1 -2.1187 9.2434 193.3311 246.9618 308.9676 1.6901 1.6441 3.7619 -8.2336 1.8469 12.2508 -2.7105 12.5970
Car -1 -1 1.6439 812.2814 176.0363 854.1924 210.4858 1.4207 1.5104 3.3864 9.8824 1.0433 31.4944 1.9480 7.6938
Car -1 -1 1.7948 748.4156 164.5569 826.3264 226.6512 1.7713 1.5922 3.6520 5.6469 1.1831 22.4906 2.0408 6.8821
Car -1 -1 -0.3660 1115.3318 169.5134 1240.0000 230.0287 1.4642 1.5835 3.7185 15.6477 1.0854 18.7405 0.3297 3.5234
Car -1 -1 -0.4769 1144.2943 169.7301 1240.0000 265.1756 1.4872 1.6248 3.8590 11.9063 1.2470 12.5169 0.2835 2.8905
Car -1 -1 1.4049 850.7261 165.6876 890.1917 193.7229 1.7767 1.7658 4.3371 17.4009 0.5403 47.8455 1.7537 1.0173
Car -1 -1 -0.3677 997.9407 163.5709 1064.1524 182.8492 1.4335 1.6202 4.0401 32.2333 -0.1832 54.8536 0.1636 0.1898
Car -1 -1 -1.6269 1064.1166 165.6682 1123.7538 209.2165 1.5306 1.6476 3.9749 18.4009 0.8447 27.3910 -1.0353 -0.0426
Car -1 -1 -0.4159 1025.8513 168.5424 1103.0327 192.9441 1.4562 1.5604 3.6627 27.8340 0.4623 43.9372 0.1488 -0.4092
Car -1 -1 -3.6829 1000.3507 164.9455 1077.1181 190.1366 1.6011 1.6772 3.9639 27.8296 0.3139 46.5283 -3.1438 -0.9474
