Car -1 -1 1.9480 132.6958 198.6125 346.1293 306.2834 1.4683 1.7358 4.5875 -6.2299 1.7508 12.7391 1.4931 16.2757
Car -1 -1 1.7698 438.5911 184.2251 493.4904 218.5330 1.4539 1.6457 4.1687 -6.3725 1.4130 32.5489 1.5765 11.3233
Car -1 -1 -0.4066 758.5820 168.7475 1113.1093 290.7102 1.6347 1.7338 4.3873 4.5280 1.4151 10.4996 0.0006 11.2194
Car -1 -1 -0.1573 642.4061 175.9288 730.0709 207.5665 1.4660 1.6240 3.9396 3.6597 1.0368 34.2174 -0.0507 9.7134
Car -1 -1 -0.2429 657.9516 177.8658 750.9960 211.9948 1.4090 1.5473 3.6649 4.0514 1.1067 30.6472 -0.1115 8.4940
Car -1 -1 -0.8765 1036.8936 180.0505 1240.0000 375.0000 1.4668 1.6015 3.8655 4.7960 1.4444 4.0932 -0.0122 8.0986
Car -1 -1 -0.3080 730.4578 174.1288 936.1537 244.3700 1.4537 1.6019 3.9858 4.7691 1.2254 15.7010 -0.0131 7.6035
Car -1 -1 -0.6392 905.4839 164.1865 1240.0000 357.1030 1.4822 1.5895 4.0295 4.9232 1.3218 6.3542 0.0200 5.8672
Car -1 -1 0.6283 468.6443 182.9020 530.2961 205.3341 1.5191 1.6499 4.0782 -7.6140 1.3635 50.3473 0.4782 4.0842
Car -1 -1 -1.4126 474.2723 174.8268 513.8634 207.4691 1.8121 1.6868 3.8821 -6.5922 1.2365 41.8451 -1.5688 0.9526
Car -1 -1 -0.4312 734.8830 178.4417 973.5572 263.6076 1.4451 1.6003 3.8298 4.3809 1.3313 13.2012 -0.1108 0.4873
