Car -1 -1 1.9645 88.4129 199.8487 324.4529 317.9237 1.4560 1.7219 4.4335 -6.2178 1.7423 11.7155 1.4765 15.0508
Car -1 -1 1.7690 433.7821 184.5418 487.7631 221.3447 1.5090 1.5986 3.7505 -6.3753 1.4825 31.3476 1.5684 14.1837
Car -1 -1 -0.4654 774.9775 168.7415 1132.5896 302.1194 1.5967 1.6573 3.9430 4.3363 1.4006 9.5036 -0.0373 9.9436
Car -1 -1 -0.3141 738.9581 175.1658 947.5267 251.0458 1.4672 1.5853 3.7436 4.6559 1.2740 14.7019 -0.0074 9.0192
Car -1 -1 -0.2520 658.6727 176.5721 761.7507 210.9437 1.3726 1.5602 3.9502 4.1573 1.0285 29.6998 -0.1130 8.7707
Car -1 -1 -1.6543 643.0195 175.4580 683.6547 208.7615 1.4931 1.6034 3.7479 2.5514 1.0568 34.1065 -1.5797 5.6524
Car -1 -1 -0.5319 741.2353 179.6880 994.9992 272.7535 1.4305 1.5689 3.7733 4.2897 1.3467 12.1779 -0.1932 5.5438
Car -1 -1 1.6698 523.2946 178.7323 544.5194 194.3029 1.4167 1.5898 4.0520 -6.9047 0.8279 67.4296 1.5677 3.9887
Car -1 -1 1.2190 485.6019 184.2671 528.2374 207.2142 1.5242 1.6392 4.0239 -7.0627 1.4623 49.9043 1.0785 3.5387
Car -1 -1 1.6944 503.5158 186.0787 531.4311 206.0090 1.4951 1.6729 4.0942 -7.0283 1.5661 56.1471 1.5699 1.0714
Car -1 -1 1.7031 467.4859 177.9292 509.1000 211.3317 1.7479 1.7088 4.4106 -6.5864 1.3678 39.8449 1.5392 -0.6669
