Car -1 -1 1.8680 244.0924 191.2288 390.7336 272.6058 1.4907 1.7415 4.3728 -6.1788 1.6424 15.7437 1.4940 14.4776
Car -1 -1 -0.3162 729.3078 170.1157 976.9725 258.7003 1.5700 1.7260 4.0963 4.4459 1.3035 13.6002 -0.0002 12.9710
Car -1 -1 1.7462 456.3948 181.1415 505.0145 213.2525 1.5042 1.6782 4.1755 -6.2820 1.3145 35.7586 1.5723 9.5281
Car -1 -1 2.2751 0.0000 206.3685 76.9078 375.0000 1.6008 1.6271 3.8362 -6.0599 1.8198 5.3873 1.4310 9.4531
Car -1 -1 2.6486 818.2239 172.6421 1159.8234 293.8926 1.4688 1.5200 3.7246 4.8222 1.3176 9.5079 3.1180 8.9912
Car -1 -1 -0.1543 651.8124 174.8534 746.6477 207.4145 1.4923 1.6495 4.2208 4.2216 1.0185 33.8293 -0.0302 7.6535
Car -1 -1 -0.1110 641.6368 173.7859 731.2566 204.4072 1.5544 1.7051 4.4638 4.0058 0.9754 37.3499 -0.0042 7.5830
Car -1 -1 -0.5712 871.8860 173.0624 1240.0000 331.0287 1.4091 1.5337 3.4099 4.5740 1.3018 7.1824 -0.0042 5.0513
Car -1 -1 1.8648 477.7689 180.8746 521.1517 207.6688 1.5561 1.6120 3.6748 -6.5552 1.3051 43.6791 1.7158 2.4791
Car -1 -1 1.6519 531.6830 179.2006 551.3371 194.2904 1.4607 1.6228 4.1393 -6.5793 0.8795 71.6579 1.5604 1.6643
Car -1 -1 -1.5667 721.7794 174.6029 788.5285 235.4587 1.4898 1.6154 3.4899 3.9416 1.2311 19.4666 -1.3669 -0.7346
