Car -1 -1 1.9018 393.1000 187.6777 507.9952 250.2812 1.4773 1.6852 4.3671 -4.1249 1.5527 19.4079 1.6924 14.7190
Car -1 -1 1.6759 543.3426 179.4654 581.4976 207.9581 1.4152 1.5902 3.9867 -2.3580 1.1307 37.7273 1.6135 11.9314
Car -1 -1 -3.4853 784.1080 161.3954 982.5574 231.0602 1.5140 1.5973 3.9289 6.1445 0.9974 16.4447 -3.1277 10.7400
Car -1 -1 -0.2090 752.7235 163.9830 925.2959 222.9662 1.5491 1.7012 4.2873 6.2408 0.9926 19.9252 0.0945 9.6264
Car -1 -1 -1.4022 487.2299 171.7393 552.6705 220.9513 1.7527 1.7792 4.5476 -3.3467 1.2739 27.9134 -1.5216 9.5842
Car -1 -1 1.7371 587.5796 171.1446 618.9790 193.3506 1.6377 1.7065 4.4423 -0.3163 0.6011 55.3398 1.7314 4.0266
Car -1 -1 1.4778 554.6832 177.0060 586.5386 201.5967 1.4041 1.5509 3.7906 -2.2890 0.9365 43.0312 1.4246 0.7216
Car -1 -1 1.5994 575.2589 174.0132 600.9960 197.1324 1.4855 1.6128 4.0115 -1.3023 0.7668 48.1939 1.5724 0.3571
Car -1 -1 1.5817 597.9982 176.2581 617.7222 194.5953 1.4643 1.5753 3.8010 0.0145 0.7501 59.3075 1.5820 -0.1641
Car -1 -1 -1.5799 730.8921 167.8800 764.5080 199.3589 1.4934 1.5718 3.5221 6.9486 0.6721 35.9736 -1.3891 -1.0727
