Car -1 -1 1.8895 340.3548 178.7149 438.4855 241.5674 1.6401 1.6241 3.6414 -6.1780 1.4716 20.5967 1.5981 16.8964
Car -1 -1 1.7058 439.1344 180.3410 492.9659 216.9610 1.4723 1.7158 4.3336 -6.0864 1.2775 31.1116 1.5126 16.7261
Car -1 -1 2.6355 764.4688 182.4257 1176.7729 311.4436 1.4272 1.6574 4.3149 4.2459 1.3974 8.9073 3.0803 10.2322
Car -1 -1 -0.1346 668.2363 166.6226 771.4393 208.8869 1.6466 1.6818 3.9010 4.4028 0.9233 28.8758 0.0167 9.8865
Car -1 -1 -0.1993 697.7565 169.1706 835.0667 216.9836 1.4399 1.6117 3.9466 4.8396 0.9578 22.4755 0.0128 9.0058
Car -1 -1 -0.3878 741.7314 147.7685 1017.4628 255.1306 1.8469 1.7873 4.4420 4.8433 1.2038 13.3429 -0.0396 8.1438
Car -1 -1 2.4051 0.0000 222.6917 77.8041 375.0000 1.5398 1.5712 3.6609 -5.9995 1.9086 5.2026 1.5487 5.0979
Car -1 -1 1.7047 506.7437 176.2433 535.0528 197.0434 1.4123 1.5168 3.5723 -6.0997 0.8042 50.6005 1.5848 4.3473
Car -1 -1 -0.1019 642.9369 173.5445 704.4804 195.0720 1.4462 1.6026 4.0428 4.4515 0.6633 49.1122 -0.0115 4.3406
Car -1 -1 -0.0951 636.6502 169.5700 690.6373 190.6856 1.5196 1.6093 3.7984 4.0397 0.3948 52.5691 -0.0184 3.8124
Car -1 -1 1.6432 534.5456 175.0697 554.4434 191.4397 1.5383 1.6324 4.0455 -6.1010 0.5860 69.5821 1.5557 2.6624
Car -1 -1 3.0270 654.1660 176.7844 711.6026 198.0127 1.4880 1.6159 3.9086 5.3016 0.8981 51.2142 3.1301 1.3298
Car -1 -1 1.6723 523.5223 178.4352 547.0126 196.9796 1.4662 1.5497 3.6220 -5.8985 0.9313 58.6455 1.5721 -0.4473
