Car -1 -1 1.8587 295.4143 196.1947 412.6540 264.1245 1.4254 1.6242 4.1225 -6.1780 1.7313 17.8541 1.5256 13.4642
Car -1 -1 1.7631 444.1837 183.0614 494.1507 221.4034 1.6856 1.5932 3.7778 -6.4253 1.5920 33.4896 1.5735 13.1897
Car -1 -1 -0.6473 849.1700 172.5828 1240.0000 375.0000 1.4953 1.6457 4.0462 4.3234 1.4036 6.1744 -0.0364 9.5800
Car -1 -1 -0.4666 827.2474 178.6754 1228.8981 309.6059 1.4273 1.5719 3.9142 4.7908 1.3571 8.6908 0.0373 7.2984
Car -1 -1 1.6939 486.4801 185.8202 522.2656 211.1770 1.4680 1.6509 4.2675 -6.2810 1.5078 43.8643 1.5517 6.8680
Car -1 -1 -0.1080 660.1637 176.3423 740.3641 209.8279 1.6100 1.6242 3.7610 4.4772 1.1845 35.4044 0.0178 6.0955
Car -1 -1 -0.1838 657.9524 169.9305 785.8865 219.5910 1.7475 1.7056 4.3646 4.0538 1.2107 26.2102 -0.0304 5.2263
Car -1 -1 -0.0908 643.4382 179.3013 708.9075 205.5923 1.4973 1.5874 3.6521 3.9088 1.1616 41.7343 0.0025 4.9758
Car -1 -1 -0.8907 1013.7692 186.2732 1240.0000 375.0000 1.4809 1.6055 3.8827 4.5293 1.4890 3.8926 -0.0298 2.3705
Car -1 -1 -0.2116 683.5555 173.3313 829.0656 221.6227 1.4055 1.5758 4.0638 4.3720 1.0607 21.7327 -0.0131 0.2820
Car -1 -1 1.6768 525.3534 183.5742 548.0338 200.8962 1.4798 1.5919 3.8551 -6.2418 1.3407 63.3392 1.5785 0.2404
