Car -1 -1 1.8379 275.0762 190.9670 402.7917 263.6643 1.4472 1.6873 4.4104 -6.1787 1.6019 16.9325 1.4880 16.9122
Car -1 -1 -0.2781 721.5258 169.1421 946.4285 250.6184 1.5645 1.7083 4.0637 4.4356 1.2570 14.6851 0.0153 12.8967
Car -1 -1 2.3188 0.0000 197.7754 147.7495 375.0000 1.6351 1.5827 3.7375 -6.1550 1.7819 6.4550 1.5572 10.8279
Car -1 -1 -0.1745 653.5852 173.7127 744.7499 206.0865 1.5283 1.6818 4.1559 4.3560 0.9864 34.8750 -0.0502 10.3389
Car -1 -1 1.7490 460.9746 180.5409 507.9063 211.6021 1.4970 1.6512 4.1661 -6.2654 1.2729 36.7332 1.5800 10.2380
Car -1 -1 -0.5445 841.6634 172.4390 1218.7193 309.6524 1.4139 1.5439 3.4323 4.6015 1.2834 8.2352 -0.0349 7.7840
Car -1 -1 -0.2713 710.2775 173.7000 894.9653 237.5801 1.4599 1.5894 3.9934 4.5318 1.1979 17.2482 -0.0144 7.4377
Car -1 -1 -0.4238 799.5926 176.0848 1136.7662 282.0818 1.4302 1.5969 4.1338 5.0365 1.3081 10.5391 0.0220 7.1319
Car -1 -1 -0.3560 703.9610 175.2195 845.8611 232.2930 1.4983 1.5761 3.4904 4.5246 1.2370 19.8793 -0.1322 4.1741
Car -1 -1 3.2401 485.4818 180.3690 534.8658 199.7494 1.4556 1.5754 3.5970 -7.4325 1.0927 54.8394 3.1054 1.5776
Car -1 -1 1.7171 489.2596 179.6912 523.9073 205.8088 1.5541 1.5993 3.7798 -6.2664 1.2265 44.6658 1.5778 -0.4249
Car -1 -1 -0.0385 629.5250 182.2317 667.4216 197.1468 1.4534 1.5722 3.6704 3.9880 1.1637 70.8630 0.0177 -1.3850
