Car -1 -1 1.7847 354.3335 186.2505 444.1786 242.2544 1.4878 1.6897 4.2376 -6.0991 1.5228 21.3426 1.5063 17.1676
Car -1 -1 2.1000 58.5129 183.2253 308.6608 314.1625 1.6494 1.5997 3.6535 -6.1631 1.6254 10.8892 1.5849 16.3859
Car -1 -1 -0.3819 765.2753 171.5751 1012.0589 259.9962 1.4631 1.6089 3.7415 4.7974 1.2385 12.7361 -0.0217 12.9431
Car -1 -1 1.7253 481.5877 179.2486 520.0089 206.6708 1.4967 1.6163 3.7556 -6.0959 1.1722 41.1161 1.5781 11.1581
Car -1 -1 -0.2162 697.9660 168.7249 867.2783 232.2062 1.6081 1.7038 4.0923 4.4955 1.1915 19.0888 0.0151 11.0798
Car -1 -1 -0.1419 651.5896 175.7705 728.1816 203.2774 1.4721 1.6498 3.9696 4.4264 0.9677 39.3511 -0.0299 10.3298
Car -1 -1 -3.4348 745.6050 166.7381 949.4768 243.8352 1.5243 1.5640 3.7464 4.8495 1.1601 15.0265 -3.1226 8.8379
Car -1 -1 -0.8428 976.1266 178.4713 1240.0000 375.0000 1.5275 1.6456 4.1246 4.2719 1.5032 3.5839 0.0299 5.3793
Car -1 -1 -0.1005 643.0135 176.5757 711.1925 200.8874 1.4149 1.5622 3.8842 4.0491 0.9132 42.6235 -0.0058 2.2607
Car -1 -1 -1.7446 711.5195 170.7835 776.2481 215.7627 1.4642 1.5979 3.7150 4.6603 0.9955 25.2614 -1.5622 2.1511
Car -1 -1 0.6685 467.1747 178.0943 530.5845 201.0565 1.5074 1.6091 4.1642 -7.4457 1.0411 48.9173 0.5175 0.2826
