Car -1 -1 1.8610 358.2110 180.1459 445.9148 238.2759 1.6263 1.6094 3.5721 -6.2034 1.4856 21.9047 1.5851 18.2010
Car -1 -1 1.7120 444.3952 179.1770 496.2698 214.8956 1.4989 1.7143 4.1988 -6.1328 1.2466 32.2988 1.5243 15.5650
Car -1 -1 -0.1980 693.3198 169.9556 816.9951 215.6517 1.4585 1.6150 3.7537 4.7595 0.9725 23.7477 -0.0002 10.2065
Car -1 -1 -0.2985 705.9414 153.8336 946.3506 249.9374 1.8293 1.7637 4.3387 4.2447 1.2331 14.5945 -0.0155 9.1607
Car -1 -1 2.2656 0.0000 212.7986 149.0592 375.0000 1.4075 1.5438 3.6334 -5.9984 1.7260 6.4106 1.5134 9.0681
Car -1 -1 -0.4410 755.7074 177.4910 1105.2597 288.0089 1.4419 1.6314 4.2770 4.3822 1.3423 10.2706 -0.0377 7.4929
Car -1 -1 -0.0702 642.4042 175.3707 703.0514 196.3588 1.4420 1.6120 4.1153 4.4842 0.7667 50.2318 0.0188 4.3530
Car -1 -1 -0.0862 636.0384 169.6514 687.4901 189.8470 1.4889 1.6042 3.7148 3.9980 0.3426 53.8180 -0.0120 4.1006
Car -1 -1 1.6753 506.8307 176.8584 532.5703 196.9428 1.3977 1.4909 3.4371 -6.3281 0.8172 51.7516 1.5537 2.4848
Car -1 -1 -0.0943 658.0544 169.5203 752.2523 208.0077 1.5643 1.6767 3.7653 3.9859 0.9275 30.1224 0.0373 2.1729
