Car -1 -1 2.0001 24.1285 201.0888 300.1348 334.9822 1.4732 1.7397 4.4190 -6.2682 1.7618 10.7321 1.4714 14.6414
Car -1 -1 1.7801 424.3212 184.6316 484.9230 222.4075 1.4950 1.6842 4.1752 -6.4533 1.4730 30.5338 1.5719 13.1391
Car -1 -1 -0.2540 657.1808 176.5319 767.3150 214.1747 1.4522 1.6225 4.0825 4.1001 1.1183 28.7643 -0.1124 10.6973
Car -1 -1 -0.5123 786.1223 169.0534 1203.3912 325.2000 1.6540 1.7051 4.0725 4.3308 1.4839 8.5511 -0.0435 10.6706
Car -1 -1 -0.4469 758.9525 180.1534 1045.0432 281.4689 1.4323 1.5693 3.7767 4.3560 1.3619 11.0777 -0.0722 8.7672
Car -1 -1 -0.3332 745.3708 174.8159 987.4227 256.8459 1.4759 1.6194 4.0440 4.7595 1.2899 13.7403 0.0003 6.5882
Car -1 -1 -1.6118 647.2876 175.3335 685.4485 209.7035 1.4999 1.5968 3.6974 2.6272 1.0698 33.2448 -1.5330 4.1207
Car -1 -1 -1.6210 495.1076 186.4799 521.0005 208.3710 1.4204 1.5465 3.8733 -6.8393 1.5112 48.9237 -1.7599 3.8835
Car -1 -1 1.6667 522.2891 177.8129 544.2336 194.3043 1.4769 1.6295 4.1564 -6.8637 0.8151 66.4599 1.5638 3.8067
Car -1 -1 -1.0633 623.9937 180.5948 658.8769 196.8298 1.4539 1.5839 3.7765 3.1318 1.0412 66.3952 -1.0162 -1.2543
