Car -1 -1 1.8450 356.0694 184.9629 444.3984 235.1068 1.4507 1.6499 4.0555 -6.5073 1.4445 22.8241 1.5673 18.5736
Car -1 -1 -0.6612 894.0165 169.6532 1240.0000 375.0000 1.5699 1.5917 3.8117 4.5870 1.4573 6.0695 -0.0141 11.0537
Car -1 -1 -0.2876 671.4131 169.9453 824.0359 223.5611 1.4970 1.6503 4.0937 3.9990 1.0718 21.0933 -0.1002 9.5656
Car -1 -1 1.6920 469.6255 178.7620 506.1736 207.0555 1.5441 1.6262 3.7158 -6.8362 1.1930 41.1192 1.5273 8.5225
Car -1 -1 -0.8921 1029.2490 181.6320 1240.0000 375.0000 1.4561 1.6060 3.8567 4.3509 1.4443 3.4144 0.0133 7.7989
Car -1 -1 -0.2878 649.9008 168.2662 782.5856 216.7971 1.5885 1.7091 4.1874 3.6318 1.0348 24.6671 -0.1416 7.1598
Car -1 -1 1.6757 507.8755 173.0060 534.7408 193.5214 1.6203 1.7525 4.2445 -7.0583 0.6571 58.9063 1.5565 5.8218
Car -1 -1 3.8342 0.0000 205.0383 57.6968 282.9330 1.5398 1.6548 3.9366 -14.6489 1.9982 15.6321 3.0813 4.3295
Car -1 -1 -0.5080 931.6101 154.2007 1145.9936 226.4767 1.7936 1.7157 4.5392 11.0636 1.0251 18.7498 0.0251 3.6958
Car -1 -1 0.0929 623.1851 168.7569 670.7547 186.3352 1.4788 1.6440 3.9338 3.3646 0.0953 61.5711 0.1474 0.4147
