Car -1 -1 2.0592 124.8227 186.0259 334.3141 298.2405 1.6007 1.5921 3.5832 -6.1497 1.6175 12.0819 1.5883 17.9058
Car -1 -1 1.7847 369.1046 186.8243 453.5677 237.8687 1.4336 1.6713 4.2716 -6.0626 1.4899 22.4966 1.5215 17.2976
Car -1 -1 -0.3398 756.1067 172.4148 973.7994 251.5735 1.4446 1.5528 3.6534 4.8112 1.2122 13.9039 -0.0067 12.8403
Car -1 -1 1.7105 486.1927 177.5147 524.2080 204.7260 1.5298 1.6741 4.0588 -6.0282 1.0980 42.4400 1.5694 11.1604
Car -1 -1 -0.2156 693.0311 171.3390 849.4711 230.5540 1.6019 1.7058 4.0304 4.4805 1.2277 20.2994 0.0016 10.1750
Car -1 -1 -0.1213 651.4699 175.7202 725.5201 200.8963 1.3877 1.6038 3.9726 4.4745 0.8655 40.4439 -0.0111 8.5336
Car -1 -1 -0.2912 737.6548 166.8472 934.6651 239.5176 1.5570 1.6407 3.9303 4.9973 1.1646 16.2330 0.0074 4.3475
Car -1 -1 -0.9144 901.0359 150.3852 1240.0000 375.0000 1.5982 1.7006 3.9391 4.2463 1.4187 4.9601 -0.2064 3.2238
Car -1 -1 -0.2206 676.4530 168.6853 795.6447 218.1242 1.7117 1.6608 3.9414 4.5059 1.1405 25.8079 -0.0478 1.3783
Car -1 -1 -0.0769 643.5899 175.5430 711.1593 199.1870 1.4157 1.5874 3.9914 4.1843 0.8377 43.8687 0.0182 -0.3151
Car -1 -1 -0.6950 637.5366 181.7929 697.6031 204.9717 1.4424 1.5825 3.7175 3.8589 1.2305 46.4455 -0.6121 -0.8134
