Car -1 -1 1.8328 298.9789 189.5996 415.1965 257.3559 1.4646 1.6851 4.2421 -6.1442 1.5887 17.9885 1.5037 18.3833
Car -1 -1 2.2545 0.0000 193.8365 202.3575 375.0000 1.6421 1.6267 3.8828 -6.1813 1.7565 7.4958 1.5649 12.9465
Car -1 -1 -0.4919 822.3817 173.3700 1162.6808 298.3558 1.4767 1.5636 3.5767 4.7537 1.3378 9.3059 -0.0196 12.5498
Car -1 -1 -0.2635 711.8747 168.2488 924.5651 244.1955 1.5745 1.7275 4.1704 4.4441 1.2239 15.7858 0.0109 12.3266
Car -1 -1 1.7392 468.7063 179.7253 511.1465 208.8146 1.4457 1.5730 3.8400 -6.1453 1.1739 37.6468 1.5774 11.2475
Car -1 -1 2.9493 653.5667 173.3284 730.4175 203.3486 1.4630 1.5509 3.5837 4.1463 0.8848 35.9403 3.0641 8.4192
Car -1 -1 -0.3991 780.3777 166.5875 1062.9211 270.9960 1.5735 1.6023 3.8740 4.8749 1.2939 11.6353 -0.0023 6.1632
Car -1 -1 -0.3637 703.0903 175.0882 876.0065 234.1213 1.4261 1.5736 3.9884 4.5400 1.1826 18.3851 -0.1216 4.1638
Car -1 -1 -3.2339 634.7804 170.6318 700.2727 198.9568 1.7099 1.6272 3.8793 3.6161 0.8306 44.2248 -3.1523 2.9298
Car -1 -1 -1.7292 701.7193 172.7358 781.1325 228.2988 1.4628 1.6327 4.0139 3.7397 1.1353 20.9426 -1.5525 1.0925
Car -1 -1 2.9714 457.7807 183.4460 522.9604 208.7205 1.4723 1.5811 3.6514 -7.0902 1.3703 43.2141 2.8087 0.5256
Car -1 -1 3.2901 457.6469 182.6219 522.9102 205.6515 1.4099 1.5786 3.8258 -7.3132 1.2523 44.8208 3.1283 0.2575
Car -1 -1 0.6532 491.4835 177.9754 543.9619 197.6838 1.4910 1.6174 3.8742 -7.0470 0.9444 56.0531 0.5281 -0.8999
Car -1 -1 -3.2194 635.4172 170.2840 715.7250 202.0671 1.7370 1.7133 4.3441 3.7119 0.9221 40.1702 -3.1273 -1.2476
