Car -1 -1 1.7905 379.8680 185.8115 462.2430 234.5056 1.4517 1.7109 4.3468 -6.0665 1.4743 23.6797 1.5398 16.0283
Car -1 -1 2.0222 168.5607 183.6004 357.9895 290.5834 1.6854 1.6280 3.7797 -6.1412 1.6611 13.2240 1.5874 14.8414
Car -1 -1 -0.2863 743.5940 170.4877 939.5689 242.8042 1.4350 1.5312 3.6148 4.7427 1.1439 15.0599 0.0188 10.0180
Car -1 -1 1.7243 490.0737 177.0090 525.8325 203.5509 1.5367 1.5863 3.7793 -6.0215 1.0627 43.5179 1.5869 9.9850
Car -1 -1 -0.2197 688.5462 169.9338 832.8627 224.4466 1.5642 1.6519 3.9481 4.4480 1.1268 21.4794 -0.0155 9.9797
Car -1 -1 -0.0935 650.2390 177.1870 723.4543 202.4254 1.4333 1.6193 4.0812 4.5138 0.9785 41.6585 0.0145 8.1754
Car -1 -1 -0.7217 873.3134 117.0084 1240.0000 375.0000 1.8138 1.7562 4.3051 4.6165 1.3470 5.9348 -0.0606 4.8680
Car -1 -1 -0.2325 637.9364 170.6989 699.8996 195.0095 1.4944 1.6022 3.6127 3.8027 0.6032 45.2445 -0.1487 3.5702
Car -1 -1 0.6106 506.0257 177.9237 553.3172 196.5523 1.5484 1.6156 3.7673 -6.6840 0.9434 61.3609 0.5021 1.3273
Car -1 -1 -0.0519 632.7113 175.8036 673.4045 192.0106 1.4657 1.5886 3.6392 4.1167 0.6156 65.8183 0.0105 1.1903
Car -1 -1 -0.2046 672.6022 170.4077 776.2443 212.3145 1.5165 1.5761 3.5768 4.2737 0.9818 26.8810 -0.0469 0.7089
Car -1 -1 -0.2919 723.9585 162.2824 917.1678 235.7180 1.6950 1.7981 4.1679 5.0224 1.1668 17.5140 -0.0127 -0.6995
