Car -1 -1 1.8468 372.9465 179.3373 455.4698 233.7862 1.6213 1.6438 3.6295 -6.1934 1.4474 23.2282 1.5862 16.2096
Car -1 -1 1.7184 450.8036 180.8705 500.4044 213.7748 1.4392 1.6596 4.3539 -6.1429 1.2503 33.6419 1.5378 16.0831
Car -1 -1 -0.1182 662.3737 169.2054 757.8082 204.6264 1.5052 1.6521 3.9568 4.3791 0.8260 31.4094 0.0203 11.9347
Car -1 -1 2.2076 0.0000 206.1260 205.4263 375.0000 1.4582 1.5725 3.6101 -6.0601 1.7341 7.6095 1.5350 8.8889
Car -1 -1 -0.2283 697.3723 162.6828 896.8289 246.2471 1.7381 1.7208 3.9571 4.0028 1.2706 15.8467 0.0192 8.4914
Car -1 -1 2.7656 736.8464 180.1199 1045.6070 278.3743 1.4490 1.6579 4.2713 4.3006 1.3750 11.4629 3.1245 8.1497
Car -1 -1 -0.1794 689.8739 171.5318 801.5687 216.8741 1.5311 1.5682 3.5987 4.7094 1.0702 25.0659 0.0063 7.2840
Car -1 -1 -0.0736 642.5003 174.6740 700.1893 195.1532 1.4432 1.5971 4.0064 4.5015 0.7014 51.4807 0.0136 3.2177
Car -1 -1 1.6706 519.2950 177.5667 545.3778 197.9841 1.4585 1.5646 3.6534 -5.5645 0.9132 53.1765 1.5664 1.9695
Car -1 -1 1.6476 537.4241 176.1300 556.3615 191.5868 1.5069 1.5913 4.0094 -6.0809 0.6223 72.0896 1.5635 1.8652
Car -1 -1 1.6814 506.8097 178.1362 533.0695 197.3285 1.4396 1.5984 3.9959 -6.8116 0.9097 55.9230 1.5602 -0.6476
Car -1 -1 -0.0743 633.2092 167.9602 691.1078 188.3316 1.5350 1.6993 4.3017 4.1125 0.2359 55.0120 0.0004 -0.7758
