Car -1 -1 1.8305 387.1753 183.3688 458.8609 228.6179 1.5094 1.5953 3.7019 -6.5878 1.4489 25.8341 1.5808 16.3462
Car -1 -1 -0.2626 658.9114 173.7302 796.1639 218.4834 1.4476 1.6453 4.2915 3.9487 1.0772 24.2841 -0.1014 11.7220
Car -1 -1 -0.4750 799.0231 174.6749 1145.7652 300.1071 1.4737 1.5898 3.6808 4.4780 1.3509 9.2835 -0.0256 11.0494
Car -1 -1 -0.2537 642.1015 172.7897 757.7855 216.1830 1.6121 1.6834 4.1463 3.4823 1.1516 27.8040 -0.1292 10.2625
Car -1 -1 -0.8627 950.1677 165.3672 1240.0000 375.0000 1.4953 1.5980 3.4925 4.0230 1.4088 4.1188 -0.0890 9.7703
Car -1 -1 3.7156 0.0000 198.3149 140.1146 262.0353 1.5289 1.6428 3.9090 -14.7036 1.8883 18.6563 3.0481 9.7435
Car -1 -1 -0.7045 848.1838 181.4882 1240.0000 367.0356 1.4488 1.5783 3.8906 4.3735 1.4208 6.6279 -0.1213 9.6043
Car -1 -1 1.7087 512.5772 172.0202 540.2388 192.1202 1.6726 1.7938 4.3317 -6.9872 0.5757 62.0049 1.5965 8.3657
Car -1 -1 1.6937 477.1110 180.4488 511.7654 205.6122 1.4846 1.6375 4.0173 -6.9825 1.2045 44.4430 1.5379 7.4689
Car -1 -1 3.8785 0.0000 205.5400 125.0094 375.0000 1.5859 1.7129 4.2577 -7.5685 1.8170 7.1048 3.0615 4.9849
Car -1 -1 -0.0900 638.2419 178.4618 701.4417 203.8164 1.4934 1.5798 3.6487 3.6656 1.0967 43.1377 -0.0052 1.1657
