Car -1 -1 1.8987 524.0138 186.2833 648.8639 259.3007 1.4809 1.6649 4.1445 -0.3970 1.5104 16.8673 1.8752 13.3376
Car -1 -1 1.6489 689.8801 177.0693 728.7149 207.8342 1.3901 1.5599 3.7148 4.8796 1.0231 34.4600 1.7895 10.1524
Car -1 -1 -3.5642 1006.0466 163.2654 1240.0000 269.3077 1.5880 1.6573 4.1936 9.1908 1.2604 12.0445 -2.9124 9.9570
Car -1 -1 -0.3349 949.8571 161.4360 1200.3690 240.2065 1.5607 1.6571 4.2238 9.8244 1.0907 15.5258 0.2293 8.6077
Car -1 -1 -1.3400 635.1430 166.5038 704.5809 221.3123 1.8189 1.7052 3.6060 2.2622 1.1990 25.8315 -1.2526 6.5778
Car -1 -1 -0.4783 933.8665 161.1595 1079.7953 212.2254 1.5425 1.6289 3.6680 12.4013 0.8170 22.5679 0.0242 6.1833
Car -1 -1 1.6930 733.9560 170.0278 765.8877 194.5307 1.6759 1.7250 4.3805 10.2091 0.6382 51.5136 1.8886 4.9796
Car -1 -1 -1.9908 0.0000 207.4335 155.7461 319.1057 1.6393 1.6916 3.6337 -10.0272 2.0849 12.7799 -2.6561 1.7827
Car -1 -1 -0.2076 862.1482 164.0185 921.1971 181.8118 1.4517 1.6661 4.3536 23.7490 -0.2899 60.2822 0.1677 1.5486
Car -1 -1 -0.3325 815.0897 161.9412 881.5980 183.4147 1.5111 1.6676 4.2108 17.2077 -0.1303 51.5818 -0.0105 -0.3165
Car -1 -1 1.3883 712.4283 176.8877 749.7442 201.4090 1.4238 1.5617 3.7950 7.4136 0.9414 43.6435 1.5566 -0.6381
