Car -1 -1 1.8449 376.3916 183.1509 456.8188 229.5882 1.4859 1.6540 4.1075 -6.5925 1.4210 25.0659 1.5878 12.6870
Car -1 -1 -0.5324 816.1367 173.5651 1213.8141 315.9150 1.5014 1.6174 3.7910 4.5400 1.3797 8.4621 -0.0400 12.1836
Car -1 -1 -0.2477 661.2230 172.3638 801.5333 219.2584 1.4636 1.6630 4.2263 3.9250 1.0637 23.4340 -0.0817 11.0810
Car -1 -1 3.7600 0.0000 197.1682 119.6602 267.4330 1.6194 1.6649 3.9381 -14.7418 1.9338 17.8651 3.0701 10.1268
Car -1 -1 -0.6861 877.3365 182.9477 1240.0000 375.0000 1.4534 1.6029 4.1653 4.4680 1.4392 5.7022 -0.0214 9.9269
Car -1 -1 -0.2769 643.9734 171.9371 768.1402 218.2530 1.6664 1.7210 4.3166 3.6100 1.1898 27.0210 -0.1441 9.7830
Car -1 -1 1.6828 474.8217 181.5428 508.1142 207.1247 1.4808 1.5702 3.8804 -7.0310 1.2693 43.5828 1.5229 4.0377
Car -1 -1 3.7806 0.0000 203.1286 85.8234 375.0000 1.5827 1.6482 4.1583 -7.5987 1.7792 6.5832 2.9237 2.9984
Car -1 -1 -1.0761 1000.9828 169.0782 1240.0000 375.0000 1.5140 1.6375 3.6990 4.0699 1.4630 3.5161 -0.2178 2.3701
Car -1 -1 3.8792 38.4955 197.5265 206.7300 250.7018 1.4207 1.5846 4.0072 -14.0061 1.7960 20.7708 3.2860 -1.1921
