Car -1 -1 1.8463 362.1854 183.0160 444.5891 232.5958 1.4844 1.5944 3.8415 -6.5965 1.4196 23.4397 1.5719 15.6599
Car -1 -1 -0.6082 864.6627 173.6943 1240.0000 349.6098 1.4775 1.5667 3.6952 4.5300 1.3819 6.8628 -0.0248 14.2952
Car -1 -1 2.8674 668.3954 169.4063 811.4145 220.6648 1.4867 1.6132 3.9835 3.9124 1.0293 21.8415 3.0446 12.9417
Car -1 -1 3.8877 0.0000 200.2126 78.6065 276.5065 1.6222 1.6291 3.8363 -14.6746 1.9846 16.4636 3.1597 8.7566
Car -1 -1 -0.2027 645.0699 169.2998 772.2138 216.4065 1.5966 1.7161 4.1775 3.4558 1.0583 25.3566 -0.0673 8.7214
Car -1 -1 -0.8550 953.7467 181.1831 1240.0000 375.0000 1.4393 1.6056 4.0451 4.3855 1.4217 4.2454 -0.0534 7.8526
Car -1 -1 1.6812 470.5000 179.9512 504.0480 206.3624 1.4689 1.5437 3.5468 -6.9894 1.1772 41.7886 1.5155 7.1196
Car -1 -1 1.5476 507.8014 174.3159 529.3642 193.2204 1.5097 1.6716 4.1887 -7.4359 0.6404 59.5973 1.4235 2.7102
Car -1 -1 -0.0773 613.8555 169.3270 659.3116 186.3362 1.4169 1.5756 3.7253 2.4008 0.0945 60.7360 -0.0378 -0.9769
Car -1 -1 -0.4666 613.8917 166.3544 658.9138 183.7606 1.4866 1.5751 3.6287 2.5054 -0.1296 63.1032 -0.4269 -1.2076
