Car -1 -1 1.8167 320.2292 189.4844 426.0145 251.1839 1.4260 1.6624 4.2884 -6.1213 1.5536 19.1067 1.5066 17.6125
Car -1 -1 2.1952 0.0000 190.5697 243.3876 365.8256 1.6241 1.6178 3.6874 -6.1692 1.7032 8.6170 1.5738 15.7237
Car -1 -1 -0.4405 797.9096 176.3893 1093.4590 281.4968 1.4080 1.5255 3.5702 4.6974 1.2909 10.4191 -0.0170 13.6160
Car -1 -1 -0.2643 709.0701 169.5808 909.5227 239.1325 1.5494 1.7228 4.2213 4.5644 1.2022 16.8716 -0.0001 12.1261
Car -1 -1 1.7269 472.5726 179.7459 514.6473 208.5863 1.4795 1.6292 4.1288 -6.1525 1.2000 38.9382 1.5702 10.9949
Car -1 -1 -0.1718 650.4601 174.5582 740.1772 203.5476 1.4585 1.6970 4.3710 4.4460 0.9234 37.1243 -0.0526 8.4779
Car -1 -1 -0.3548 768.4394 167.2766 1005.9879 260.1562 1.5514 1.5639 3.6198 4.7942 1.2529 12.7920 0.0037 7.1211
Car -1 -1 -0.1311 640.7459 173.4327 715.5988 201.3437 1.5415 1.6937 4.0193 3.9102 0.8918 40.6139 -0.0351 6.6675
Car -1 -1 -0.3797 693.8424 171.3987 827.7245 222.4928 1.5062 1.6338 3.7239 4.6635 1.1000 22.3138 -0.1737 2.5259
Car -1 -1 -0.2102 699.3434 174.7549 843.9090 232.4064 1.4772 1.5714 3.5116 4.2558 1.2103 19.2148 0.0077 2.2668
