Car -1 -1 -1.7345 662.5991 184.9470 731.8261 234.7291 1.4317 1.5578 3.6499 2.6756 1.4251 22.5283 -1.6163 14.3307
Car -1 -1 -0.6013 1005.5158 177.2066 1240.0000 252.9474 1.4694 1.6101 4.0193 10.5981 1.3151 14.7884 0.0205 12.4754
Car -1 -1 -1.6580 648.0930 181.4898 695.1540 219.5951 1.4296 1.5475 3.7137 2.4631 1.2909 28.8236 -1.5727 11.1069
Car -1 -1 -1.6092 628.6116 182.6434 655.2303 205.6608 1.4838 1.6272 4.0273 2.2389 1.3191 48.3553 -1.5629 10.9089
Car -1 -1 -1.8999 705.9503 185.1249 775.9940 225.0392 1.4735 1.5851 3.7654 5.1623 1.4713 28.5138 -1.7208 4.8292
Car -1 -1 -0.6714 1057.0363 177.0168 1240.0000 247.4609 1.5289 1.6403 4.0357 12.7568 1.3521 16.4413 -0.0115 1.2768
Car -1 -1 -1.8767 675.1210 185.7493 744.5143 225.3321 1.4098 1.5626 3.7729 3.8036 1.4329 27.6434 -1.7399 0.4274
Car -1 -1 -1.6330 646.6004 181.6697 666.8453 198.5734 1.4939 1.6032 3.7480 4.4205 1.1817 65.4066 -1.5655 -0.1250
Car -1 -1 -2.5382 1137.1712 228.5500 1240.0000 375.0000 1.5094 1.6589 4.0038 4.3028 1.8030 2.8288 -1.5490 -0.5663
Car -1 -1 2.6249 922.6931 174.9238 1130.0874 239.4345 1.5105 1.6667 4.1241 10.1246 1.2707 17.6691 3.1452 -0.8487
Car -1 -1 -1.5373 692.1874 182.0716 723.0007 210.3527 1.6604 1.7477 4.2228 6.1875 1.4769 44.4304 -1.3990 -0.9931
