Car -1 -1 -1.8354 749.9850 200.8266 939.3533 333.6756 1.4273 1.5371 3.5065 2.9815 1.6823 9.9102 -1.5432 13.8254
Car -1 -1 -1.7407 710.6322 195.4997 811.5379 273.4013 1.4132 1.5045 3.3581 3.0727 1.6560 15.1867 -1.5411 11.7527
Car -1 -1 -1.6561 669.5623 187.8857 717.4646 227.6409 1.5332 1.6550 3.6286 3.4582 1.6519 29.8048 -1.5406 11.7050
Car -1 -1 -2.0571 863.4211 217.5000 1240.0000 375.0000 1.3657 1.4376 3.1947 2.8234 1.6509 4.6873 -1.5149 9.9434
Car -1 -1 -1.6834 664.2797 186.4049 703.5543 217.6740 1.4614 1.5445 3.3851 3.6751 1.5240 35.4227 -1.5801 5.5083
Car -1 -1 -1.6154 650.0951 184.2684 673.3673 204.3398 1.4555 1.5795 3.5125 4.0012 1.3879 53.9041 -1.5413 4.8696
Car -1 -1 -1.8210 654.8159 186.5762 700.1312 214.6170 1.4921 1.6079 3.9360 3.8445 1.5739 40.5183 -1.7264 0.8402
Car -1 -1 -1.0933 630.7983 185.2607 663.0988 201.6000 1.4665 1.5446 3.5030 3.6392 1.4720 66.4293 -1.0386 -0.7597
Car -1 -1 -1.8840 695.2609 194.2119 744.5568 221.6262 1.4461 1.6267 4.0600 6.3756 1.9927 41.4491 -1.7314 -0.9133
Car -1 -1 1.4672 782.6143 200.5968 849.0470 253.9330 1.5004 1.6685 3.8584 6.6501 2.0469 23.4408 1.7436 -0.9756
Car -1 -1 1.4184 815.3437 185.3486 883.8100 233.1300 1.5673 1.7032 4.0761 8.5178 1.5736 25.7396 1.7380 -1.2036
