Car -1 -1 -1.3505 382.3259 193.8740 501.6498 278.1319 1.5215 1.6433 3.9227 -3.4240 1.7311 15.3422 -1.5701 16.9235
Car -1 -1 -1.2236 180.7912 211.7970 430.7104 367.3800 1.3765 1.5630 3.9333 -3.4983 1.7846 9.0182 -1.5937 16.0935
Car -1 -1 -1.4308 483.9589 190.2210 541.2222 234.9046 1.4202 1.5070 3.4197 -3.2754 1.6070 24.9448 -1.5614 9.7548
Car -1 -1 -1.6035 609.7213 173.4208 629.6716 192.2955 1.6145 1.6313 3.7711 1.0166 0.6067 63.3840 -1.5875 6.2006
Car -1 -1 -1.4028 609.2649 178.0375 637.0498 196.4704 1.4566 1.6244 4.0557 1.2848 0.8905 58.9462 -1.3811 5.4901
Car -1 -1 -1.4822 517.1644 183.3343 554.0030 214.2623 1.5595 1.6065 3.9601 -3.8179 1.4658 38.2324 -1.5817 4.4792
Car -1 -1 2.2356 0.0000 238.4088 273.9810 375.0000 1.4367 1.6194 3.9487 -2.8063 1.7916 2.7101 1.4328 3.4293
Car -1 -1 -1.4831 532.8171 183.5467 566.3916 212.6954 1.7024 1.6936 4.1781 -3.5426 1.6061 44.0756 -1.5633 3.4119
Car -1 -1 -1.4675 488.0644 185.8893 541.9865 232.7185 1.7084 1.6935 4.0983 -3.6176 1.7380 28.3491 -1.5944 3.3838
Car -1 -1 -1.4408 613.8208 176.3556 643.9762 199.3072 1.5866 1.6710 3.9817 1.5423 0.9753 51.7883 -1.4110 0.6320
