Car -1 -1 -1.2695 224.7737 203.1884 474.5037 356.6196 1.3607 1.6402 4.3206 -2.9266 1.6424 9.0492 -1.5823 12.9375
Car -1 -1 -1.3604 394.2257 193.5132 519.8064 274.3894 1.3835 1.6331 4.4762 -3.0006 1.5838 15.0035 -1.5578 12.4523
Car -1 -1 -1.4452 488.6856 186.3270 543.4891 225.9628 1.4127 1.6028 4.0480 -3.5010 1.4599 27.7561 -1.5707 10.5485
Car -1 -1 2.4738 0.0000 231.5591 256.7524 375.0000 1.4531 1.6731 4.3787 -3.1644 1.7554 2.4742 1.5666 8.2084
Car -1 -1 -1.5866 630.3941 173.7457 648.4835 190.0646 1.4135 1.5499 3.5400 2.7910 0.4211 64.0539 -1.5431 4.3516
Car -1 -1 1.7525 434.7979 190.4920 519.8185 250.3593 1.5332 1.6841 4.2360 -3.7126 1.7034 20.9036 1.5767 4.3287
Car -1 -1 -1.4266 608.1494 173.9604 631.5807 190.5041 1.4317 1.5785 3.6928 1.0987 0.4588 64.1566 -1.4095 1.8521
Car -1 -1 -1.4177 605.7548 175.7786 627.4626 191.1208 1.4771 1.6065 3.6901 0.8976 0.5696 71.1565 -1.4051 1.1323
Car -1 -1 -1.7805 614.9436 171.5384 645.9293 192.4583 1.5127 1.5886 3.6677 1.6479 0.5249 53.9234 -1.7500 0.5660
Car -1 -1 -1.3194 525.5160 182.0859 571.1214 209.7356 1.5070 1.6500 4.0819 -3.3856 1.3376 41.3283 -1.4012 -0.1609
