Car -1 -1 -1.2797 281.9371 191.5064 470.9323 311.8964 1.4964 1.6532 4.0205 -3.3771 1.6127 11.1541 -1.5737 17.0825
Car -1 -1 -1.3826 457.2188 184.3762 531.5757 239.6735 1.4580 1.5115 3.3175 -3.2136 1.4370 20.6328 -1.5371 12.6766
Car -1 -1 -0.9313 0.0000 221.1207 334.5024 375.0000 1.4454 1.6478 4.3505 -3.5473 1.7962 4.8184 -1.5659 9.6978
Car -1 -1 -1.4725 525.9527 173.5991 563.3324 204.6186 1.6331 1.6808 4.0036 -3.4763 1.0227 39.8537 -1.5595 7.3727
Car -1 -1 -1.4630 504.9103 173.8796 549.4694 211.6395 1.6822 1.6742 4.0179 -3.7856 1.1783 34.0330 -1.5738 6.5647
Car -1 -1 -1.5988 612.2577 163.4903 634.7641 186.4828 1.8312 1.7336 4.2597 1.2549 0.1020 59.3835 -1.5777 5.0224
Car -1 -1 -1.4449 467.5669 178.4545 532.2201 231.2203 1.6219 1.6490 4.0258 -3.5699 1.4153 24.1227 -1.5918 4.8103
Car -1 -1 -0.8966 0.0000 66.8868 191.0281 366.1996 2.3699 1.9925 5.5401 -7.4776 1.4341 8.5019 -1.6180 3.9710
Car -1 -1 -1.4326 612.9591 171.4834 641.0478 190.7353 1.4068 1.5861 4.1128 1.4843 0.4045 54.6840 -1.4054 3.7764
Car -1 -1 -1.6106 626.9012 164.6725 656.5048 193.9016 1.8616 1.7870 4.5618 2.2006 0.5543 48.0652 -1.5649 1.0634
Car -1 -1 -1.4794 539.2928 182.5754 567.8456 204.3177 1.4673 1.6358 4.1233 -3.7928 1.2902 50.5830 -1.5542 -0.5389
