Car -1 -1 -1.4180 466.9722 186.4702 534.2719 235.6882 1.5506 1.6757 4.2083 -3.6479 1.5988 24.8606 -1.5637 11.7516
Car -1 -1 2.0504 0.0000 213.4573 422.7102 375.0000 1.3905 1.6554 4.4445 -2.9379 1.7041 5.7221 1.5760 10.9527
Car -1 -1 -1.3097 330.7826 196.7219 499.9128 304.3733 1.4068 1.6321 4.2325 -3.0089 1.6338 11.9737 -1.5559 10.4064
Car -1 -1 1.7708 405.8527 193.8264 503.4615 260.2449 1.4005 1.5823 3.9069 -3.6665 1.6362 17.6194 1.5657 7.3426
Car -1 -1 -1.4572 512.2823 184.0542 552.1850 216.4393 1.4670 1.5181 3.3952 -3.5863 1.4155 34.2638 -1.5615 6.3817
Car -1 -1 -1.6499 528.7484 185.5148 566.7949 218.4001 1.6750 1.7176 4.1007 -3.3183 1.6931 38.8127 -1.7352 3.4855
Car -1 -1 -1.2552 604.2581 174.3906 633.5197 191.0921 1.5379 1.6436 3.9294 1.0840 0.5422 68.3152 -1.2394 2.6373
Car -1 -1 -1.4437 624.8365 174.7770 648.6306 192.1963 1.4353 1.5790 3.6095 2.4799 0.5763 61.1377 -1.4031 2.2849
Car -1 -1 -1.5777 608.3010 174.3153 627.4666 191.6138 1.4312 1.5857 3.7375 0.8372 0.5305 61.3471 -1.5641 1.1440
Car -1 -1 -1.5807 605.8457 173.2447 629.3964 195.0178 1.4754 1.5959 3.7175 0.6522 0.6653 50.5685 -1.5678 0.8178
