Car -1 -1 -1.3582 358.6459 195.0346 485.8582 279.9312 1.3844 1.5848 4.1228 -3.5518 1.6092 14.2859 -1.6019 14.8093
Car -1 -1 -1.4045 442.2509 184.7578 524.0606 242.9629 1.5171 1.6744 4.0272 -3.5260 1.5063 20.7483 -1.5728 14.5919
Car -1 -1 -1.2308 140.1748 200.5286 460.8889 375.0000 1.4462 1.6949 4.5913 -2.9838 1.6682 8.0570 -1.5855 9.5469
Car -1 -1 -1.4361 502.2351 181.7823 550.2929 218.9649 1.4759 1.5543 3.5287 -3.4144 1.3407 30.3110 -1.5483 5.4624
Car -1 -1 -1.5934 632.6420 170.9182 654.4647 190.7127 1.5192 1.6406 3.6919 2.7968 0.4230 57.0350 -1.5444 5.3972
Car -1 -1 -1.5051 536.0485 175.7257 562.9436 200.0732 1.6045 1.5938 3.7998 -3.9797 0.9802 49.2790 -1.5857 4.1697
Car -1 -1 -1.7492 607.9592 169.5300 636.6394 189.1418 1.5032 1.6190 3.8276 1.1052 0.3021 57.1117 -1.7298 1.7689
Car -1 -1 -1.4142 608.7625 171.9623 632.8416 189.3053 1.4934 1.5825 3.7005 1.1772 0.3533 63.8557 -1.3957 0.5728
Car -1 -1 -0.8112 603.7887 168.8372 663.2575 193.2917 1.5198 1.6389 3.8721 1.6793 0.5030 46.6118 -0.7752 -0.5882
Car -1 -1 -1.5734 602.5692 168.4860 620.6087 184.5226 1.4879 1.6784 4.2377 0.3544 -0.0674 68.9990 -1.5683 -1.2587
