Car -1 -1 -1.4234 455.7442 196.7419 527.0491 251.3347 1.5042 1.6403 4.0371 -3.6144 1.9016 22.6860 -1.5814 15.2312
Car -1 -1 -1.2792 255.3198 209.1063 478.6689 355.3730 1.4297 1.6632 4.2526 -3.0215 1.8292 9.8504 -1.5769 12.8056
Car -1 -1 1.7890 380.4212 203.5953 498.1522 280.3948 1.3853 1.6516 4.3553 -3.6633 1.8562 16.1880 1.5665 9.0631
Car -1 -1 2.3754 0.0000 228.2524 302.9229 375.0000 1.3935 1.6274 4.3125 -3.0092 1.6970 2.8899 1.5697 8.1692
Car -1 -1 -1.4301 507.0638 194.8020 551.2497 228.8995 1.3994 1.5000 3.4674 -3.5080 1.8540 32.2434 -1.5385 7.9650
Car -1 -1 -1.4684 512.5187 192.0638 550.8859 224.2055 1.4962 1.5542 3.5987 -3.7958 1.8578 36.0286 -1.5734 4.3262
Car -1 -1 -1.4179 604.4575 186.5592 628.3022 202.3613 1.4037 1.5955 4.1158 0.8200 1.5330 66.3828 -1.4056 2.4920
Car -1 -1 -1.5847 610.1976 183.6863 631.6224 203.5097 1.5872 1.7133 4.2173 1.0472 1.4659 59.6646 -1.5671 0.4931
Car -1 -1 -1.5641 608.2338 181.6524 624.8642 197.0382 1.4763 1.5959 3.9508 0.8753 1.1355 70.9599 -1.5518 0.4803
Car -1 -1 -1.3233 525.8553 190.9563 566.1026 218.7461 1.6474 1.6471 3.8416 -3.8834 2.0279 45.4763 -1.4085 0.2728
Car -1 -1 -1.4969 540.3814 194.1703 566.0296 215.7625 1.4408 1.5621 3.6485 -3.8806 2.1038 51.3035 -1.5724 0.0250
