Car -1 -1 -1.2985 293.0556 202.8534 491.6092 329.6424 1.4416 1.6914 4.5393 -3.0578 1.7703 11.0738 -1.5679 13.8066
Car -1 -1 -1.4102 463.9877 194.6437 531.0315 244.6306 1.4614 1.5773 3.9116 -3.5884 1.7993 23.7165 -1.5604 13.1702
Car -1 -1 -1.3812 404.8288 200.0469 500.8577 268.5784 1.3988 1.5624 3.9072 -3.6843 1.8014 17.4881 -1.5888 8.2843
Car -1 -1 2.2078 0.0000 230.2668 347.3561 375.0000 1.4287 1.6092 4.0383 -2.9552 1.7986 3.8475 1.5528 8.2768
Car -1 -1 -1.4251 510.0165 192.4670 553.1324 225.3880 1.4110 1.5114 3.3836 -3.5119 1.7653 33.2854 -1.5302 7.3881
Car -1 -1 -1.6357 627.9157 183.4163 648.8680 201.2789 1.4453 1.5109 3.6079 2.5174 1.3008 59.9808 -1.5938 2.6909
Car -1 -1 -1.5750 606.8187 185.9895 624.8882 202.3671 1.4850 1.6433 4.1209 0.7416 1.5609 67.4374 -1.5640 1.5246
Car -1 -1 -1.5690 613.3051 189.2638 630.3619 204.5946 1.4682 1.6599 4.1635 1.4094 1.8869 72.0460 -1.5494 1.4114
Car -1 -1 -1.5885 610.7164 181.9143 631.5519 201.3276 1.5807 1.6774 4.0687 1.0852 1.3131 60.5643 -1.5706 1.0653
Car -1 -1 -1.4784 530.3203 193.4843 558.9349 217.3098 1.4351 1.5177 3.5456 -4.0552 1.9893 46.3051 -1.5658 1.0549
