Car -1 -1 -1.2931 259.4046 203.6517 488.2454 348.4041 1.4057 1.6825 4.5989 -2.8985 1.7192 9.8706 -1.5787 11.7436
Car -1 -1 -1.3691 413.4095 196.2084 525.5302 272.6590 1.4055 1.6125 4.1726 -2.9486 1.6822 15.9170 -1.5522 10.3139
Car -1 -1 -1.4475 492.5614 187.7004 546.8153 229.0597 1.5213 1.6446 4.2751 -3.4898 1.6295 28.8350 -1.5680 9.6456
Car -1 -1 2.4575 0.0000 237.6502 265.0340 375.0000 1.4528 1.6524 4.1765 -3.1859 1.8032 2.6834 1.5867 7.6719
Car -1 -1 -1.4574 526.7227 187.2515 561.7373 215.9306 1.4481 1.4837 3.3884 -3.3695 1.5624 38.2481 -1.5452 4.5632
Car -1 -1 1.7725 443.0816 194.5168 522.5506 247.7167 1.3975 1.5786 3.9917 -3.6902 1.7044 21.6068 1.6033 4.5269
Car -1 -1 -1.6405 519.3530 190.7615 552.2532 217.6875 1.4700 1.6360 4.0724 -4.3009 1.8138 42.2702 -1.7419 0.2857
Car -1 -1 -1.5746 606.6041 179.1878 623.3506 193.8339 1.4321 1.6375 4.1920 0.7138 0.8438 72.3848 -1.5648 -0.2357
Car -1 -1 1.7444 454.0604 184.3183 501.6620 221.4544 2.0528 1.9188 4.9789 -7.5752 2.0043 42.2266 1.5669 -1.2282
Car -1 -1 -1.7552 609.7295 175.8943 635.2872 193.0836 1.5156 1.6386 3.8723 1.3024 0.6949 65.4234 -1.7353 -1.2497
