Car -1 -1 -1.3361 314.6343 200.0679 469.3638 302.1844 1.3720 1.5848 4.1596 -3.5402 1.6727 12.3816 -1.6146 14.4680
Car -1 -1 -1.3843 422.9555 187.6973 515.5959 255.9525 1.5608 1.6301 3.9668 -3.4941 1.6328 18.5620 -1.5704 14.1526
Car -1 -1 -1.4362 496.8031 184.9922 546.6210 223.8918 1.4283 1.4948 3.3689 -3.3424 1.4212 28.0874 -1.5546 11.4644
Car -1 -1 -1.1217 0.0000 209.5297 420.4892 375.0000 1.3924 1.6496 4.4233 -2.9756 1.6701 5.9485 -1.5855 8.7268
Car -1 -1 -1.4429 501.5667 182.4142 546.5752 218.1393 1.4975 1.5440 3.5639 -3.6959 1.3812 31.9205 -1.5581 4.1187
Car -1 -1 -1.4033 608.8023 173.3858 634.6707 190.9631 1.4687 1.6191 3.8349 1.2276 0.4814 62.0969 -1.3835 2.7227
Car -1 -1 -1.4833 523.2320 178.9165 556.4956 205.5897 1.4616 1.5790 3.7877 -3.8834 1.1176 41.2870 -1.5771 2.5363
Car -1 -1 -1.6350 633.5165 174.7650 657.6196 194.3595 1.4469 1.5935 3.8249 2.8446 0.6763 55.0020 -1.5833 1.5416
Car -1 -1 -1.7536 611.3835 171.2873 641.1110 191.1287 1.4677 1.6201 3.7458 1.3663 0.4385 55.1477 -1.7288 0.0017
Car -1 -1 -2.4437 510.9496 180.0696 571.4290 205.0727 1.5694 1.6129 3.7681 -4.3792 1.2475 46.8518 -2.5369 -0.9544
