Car -1 -1 -1.3973 434.2855 184.6007 518.7920 244.7056 1.4783 1.6154 3.8743 -3.5119 1.4643 19.6165 -1.5745 14.0879
Car -1 -1 -1.3336 325.4298 195.1191 478.8859 288.1105 1.3401 1.6210 4.5589 -3.5651 1.5541 13.1466 -1.5984 13.2175
Car -1 -1 -1.1801 39.5235 201.3108 441.0169 375.0000 1.4128 1.6770 4.4851 -3.0055 1.6213 7.0005 -1.5856 11.3636
Car -1 -1 -1.4449 499.9809 181.8264 547.4617 218.0182 1.3834 1.4943 3.4642 -3.3957 1.2550 29.2142 -1.5606 9.3593
Car -1 -1 -1.5861 608.0190 164.4067 626.5593 183.8507 1.7752 1.6853 4.1284 0.8683 -0.1319 67.9832 -1.5733 4.3553
Car -1 -1 -1.4393 507.6059 178.2963 552.6576 213.2869 1.5241 1.6128 3.5426 -3.5535 1.2238 33.0976 -1.5463 4.3331
Car -1 -1 -1.6242 523.0412 174.4648 554.2261 200.9852 1.4822 1.6049 4.0094 -4.1326 0.8825 42.2759 -1.7216 3.9585
Car -1 -1 -1.6005 618.6375 168.3791 640.8700 187.7905 1.4645 1.6168 3.8203 1.6726 0.1954 56.1409 -1.5707 2.2763
Car -1 -1 -1.4581 631.0924 167.7254 660.4376 192.1339 1.7343 1.7212 4.1067 2.8355 0.4927 53.2420 -1.4049 1.5428
Car -1 -1 -1.4374 606.9613 171.5646 631.7356 189.4312 1.5181 1.6495 4.1018 1.0421 0.3593 63.2259 -1.4209 1.4863
Car -1 -1 -2.6103 511.2983 176.0456 571.8794 201.2712 1.6170 1.6306 3.6745 -4.4057 1.0303 47.5947 -2.7026 0.5286
