Car -1 -1 -1.6749 681.1446 186.3693 739.5154 234.3259 1.5272 1.6175 3.4977 3.4193 1.5709 24.7484 -1.5376 17.1044
Car -1 -1 -1.8661 748.7504 196.3763 935.8837 317.3218 1.4372 1.5681 3.7127 3.2135 1.6340 10.7414 -1.5754 14.9598
Car -1 -1 -1.5025 560.9072 181.1752 594.2633 208.4362 1.4151 1.5728 3.6298 -1.6308 1.2065 39.1455 -1.5442 6.8587
Car -1 -1 -1.6381 646.7235 181.2115 670.0110 200.5741 1.4578 1.5725 3.4252 3.8873 1.1575 55.8333 -1.5686 4.1701
Car -1 -1 -1.2429 733.3396 195.4359 782.5270 223.3588 1.4004 1.5367 3.6980 8.2611 1.9911 39.4822 -1.0367 4.0599
Car -1 -1 -0.4825 804.3524 172.3194 952.4196 232.4907 1.5785 1.5430 3.5109 7.3712 1.2414 19.8422 -0.1269 3.9620
Car -1 -1 -1.1655 674.0955 184.8646 742.0518 221.6930 1.4301 1.5231 3.5311 4.1773 1.4176 29.8142 -1.0263 3.5073
Car -1 -1 -1.6899 674.6408 184.9787 720.1033 219.4006 1.4998 1.6319 3.8017 4.0477 1.4906 33.2193 -1.5687 2.4833
Car -1 -1 1.7505 588.1766 177.4799 610.8930 192.7548 1.4758 1.5948 3.8706 -0.7936 0.7296 71.4930 1.7394 -0.0825
Car -1 -1 -1.7520 721.2256 195.3731 757.5043 220.6256 1.4475 1.5685 3.6541 8.0770 2.1034 44.5017 -1.5725 -0.7909
