Car -1 -1 -1.6604 635.0806 175.4859 678.7351 210.5150 1.5286 1.6552 4.0426 2.1899 1.1052 33.4069 -1.5949 15.1970
Car -1 -1 -1.8575 734.6629 186.6183 891.7069 290.1455 1.4446 1.5215 3.4152 3.1385 1.4721 11.8009 -1.5975 13.9624
Car -1 -1 -1.9654 799.9358 190.7047 1122.3075 375.0000 1.4178 1.5351 3.4583 3.0716 1.4868 7.1480 -1.5596 13.4919
Car -1 -1 -1.3740 433.3283 185.4898 533.1144 260.2380 1.4778 1.5327 3.4230 -2.6949 1.4857 15.9546 -1.5413 12.0958
Car -1 -1 -1.4986 549.4547 177.3522 576.0528 200.2586 1.4978 1.5663 3.2738 -3.0372 0.9847 48.6443 -1.5609 11.7526
Car -1 -1 -2.4871 988.1336 190.6962 1240.0000 375.0000 1.5293 1.6368 3.9803 2.8410 1.5614 2.0346 -1.5378 5.4059
Car -1 -1 -1.6069 627.4402 176.6742 654.3140 200.4636 1.4650 1.5826 3.6922 2.0666 0.9401 46.1180 -1.5622 5.3048
Car -1 -1 -1.6520 648.7537 178.8708 680.5720 204.7098 1.5243 1.6383 3.8885 3.4430 1.1511 44.3491 -1.5745 3.0509
Car -1 -1 1.4533 561.9718 181.3224 589.8031 202.2727 1.4923 1.6101 3.8739 -2.4132 1.2161 53.2414 1.4080 -0.0929
Car -1 -1 -1.4729 633.0517 179.7182 671.5050 210.1140 1.4968 1.6242 3.9417 2.3389 1.2272 37.4694 -1.4106 -0.2596
