Car -1 -1 -1.7356 684.7643 190.0261 777.2718 258.7960 1.5003 1.6279 3.8030 2.8933 1.6336 17.8499 -1.5749 17.0804
Car -1 -1 -1.4583 529.7214 182.6672 574.7361 218.8104 1.5146 1.6002 3.6174 -2.4480 1.4090 31.9576 -1.5348 10.8301
Car -1 -1 -1.7081 669.6603 186.8214 722.4770 227.0657 1.4399 1.5335 3.5196 3.2927 1.5067 27.6316 -1.5895 9.9619
Car -1 -1 -1.6903 681.4029 186.3721 745.0514 237.2765 1.4875 1.5695 3.5827 3.2372 1.5283 22.8913 -1.5498 9.0943
Car -1 -1 -1.6187 634.8347 182.0747 661.0215 204.5927 1.4763 1.6001 3.6768 2.6816 1.2715 48.9680 -1.5640 8.5474
Car -1 -1 -1.5291 569.8164 180.7042 588.9068 197.5150 1.4686 1.5703 3.5025 -2.5359 1.0756 64.5469 -1.5684 8.1173
Car -1 -1 -2.2821 898.1339 216.0277 1240.0000 375.0000 1.4521 1.6226 4.0546 3.0622 1.6964 3.6328 -1.5818 7.4932
Car -1 -1 -0.6719 980.0134 169.9552 1240.0000 281.7298 1.4299 1.5672 4.0119 7.5482 1.2358 10.0295 -0.0268 3.5550
Car -1 -1 -0.6563 887.6299 166.0267 1149.8114 270.4130 1.7343 1.6131 3.9757 7.3055 1.4166 13.0248 -0.1451 2.0190
Car -1 -1 -0.2580 766.7614 183.5572 834.3519 208.1354 1.4808 1.5846 3.7226 11.7672 1.3820 44.1045 0.0027 1.2415
