Car -1 -1 -1.4571 483.3550 190.0787 539.7282 237.8570 1.6031 1.6283 3.8426 -3.5033 1.7962 26.4451 -1.5888 12.3008
Car -1 -1 -1.3167 366.7510 200.8342 497.9099 298.4835 1.4951 1.5280 3.4013 -3.1350 1.8219 13.2690 -1.5487 10.5968
Car -1 -1 -1.3969 416.7072 195.3797 506.7674 266.4465 1.4840 1.5430 3.3831 -3.4349 1.7526 17.2047 -1.5939 9.8255
Car -1 -1 -0.8136 0.0000 217.1347 298.1409 375.0000 1.5976 1.6854 4.3414 -3.4347 1.8592 3.6858 -1.5638 8.7599
Car -1 -1 -1.4436 509.6032 187.6706 558.2183 226.4222 1.6235 1.6773 4.0821 -3.2987 1.7425 32.4367 -1.5449 8.2627
Car -1 -1 0.0330 632.3698 178.1650 707.1769 209.4667 1.6576 1.6965 3.9730 3.3628 1.2854 39.1415 0.1187 5.8542
Car -1 -1 -1.4248 619.4492 183.5718 652.6060 207.6872 1.5135 1.6285 3.8794 1.8728 1.4115 47.1696 -1.3851 5.3810
Car -1 -1 -1.5713 617.8879 174.5214 643.4631 203.8210 2.0383 1.7792 4.5012 1.6438 1.2955 52.2824 -1.5398 5.2774
Car -1 -1 -1.4499 618.1309 183.9749 654.3288 211.3396 1.5057 1.6257 4.0128 1.6697 1.4386 41.6619 -1.4099 1.6489
Car -1 -1 -0.0823 724.0568 171.0713 797.2003 203.1017 1.8453 1.8345 4.0962 8.9694 1.0316 42.5773 0.1253 -0.9827
