Car -1 -1 -1.7914 711.2494 190.2423 852.5296 295.0697 1.5761 1.6457 3.5478 2.8649 1.6789 12.7491 -1.5703 15.5645
Car -1 -1 -1.4315 511.7380 182.8417 566.0693 225.0567 1.4708 1.5419 3.5496 -2.5452 1.3892 26.8488 -1.5260 12.7783
Car -1 -1 -1.7437 695.5628 188.4565 786.9130 255.3937 1.4711 1.5785 3.7293 3.1492 1.5611 17.8418 -1.5690 12.1493
Car -1 -1 -1.5893 635.1082 179.9907 663.1386 205.5724 1.4964 1.6338 3.7851 2.4674 1.1919 43.9670 -1.5332 10.8901
Car -1 -1 -1.7326 679.8256 187.6124 749.6778 238.5679 1.4559 1.5776 3.6572 3.2270 1.5384 22.5525 -1.5905 10.2846
Car -1 -1 1.6091 563.0297 178.4227 584.8097 197.8097 1.5468 1.6550 3.6295 -2.7714 1.0060 59.1732 1.5623 5.1869
Car -1 -1 2.8511 763.2782 185.4046 835.3676 212.5770 1.4460 1.5347 3.4927 10.3518 1.4577 39.0852 3.1100 2.6951
Car -1 -1 -1.6092 626.7861 180.3491 649.4814 200.4408 1.5461 1.6507 3.9535 2.3749 1.1727 57.2920 -1.5677 1.1232
Car -1 -1 -1.8058 632.7995 185.4545 669.1992 208.8486 1.5029 1.6191 3.6632 2.8332 1.5207 48.1619 -1.7471 -0.2134
Car -1 -1 -2.3377 988.1390 155.8546 1240.0000 329.0815 1.6206 1.6143 3.5179 6.3767 1.3470 8.5683 -1.6979 -1.1678
