Car -1 -1 -1.3851 449.0853 184.6875 539.4464 252.9543 1.4473 1.4944 3.4166 -2.6203 1.4372 16.9677 -1.5383 15.2649
Car -1 -1 -1.6519 637.1503 176.4712 677.4724 209.9503 1.5033 1.5936 3.8862 2.2726 1.1118 34.2289 -1.5856 14.6344
Car -1 -1 -1.8315 729.6251 185.9709 871.2032 282.5161 1.4641 1.5176 3.4713 3.1774 1.4804 12.6720 -1.5858 14.0753
Car -1 -1 -1.9188 783.9332 190.8135 1044.4555 354.5030 1.4288 1.5325 3.3930 3.0899 1.5063 8.0967 -1.5542 12.1726
Car -1 -1 -2.2830 920.5154 204.3550 1240.0000 375.0000 1.4552 1.5570 3.7752 2.7761 1.5866 2.9714 -1.5316 8.9912
Car -1 -1 -1.4574 551.9286 178.7828 580.0177 201.0280 1.4786 1.5694 3.2900 -2.8651 1.0521 49.4620 -1.5153 7.7061
Car -1 -1 -1.4271 626.9730 177.3072 659.2661 201.5302 1.5140 1.5908 3.7129 2.3218 1.0208 46.9016 -1.3776 4.6804
Car -1 -1 -0.2925 803.4526 178.8153 913.2192 217.8080 1.5497 1.6202 3.9452 10.1636 1.2964 29.4535 0.0398 0.6814
Car -1 -1 -1.4729 633.8044 179.3136 673.0429 210.1166 1.5175 1.6443 4.2438 2.4143 1.2279 37.6370 -1.4089 0.2144
Car -1 -1 -1.6458 650.2180 179.2850 682.9940 206.5780 1.5824 1.6736 4.1248 3.5084 1.2397 43.7409 -1.5658 0.0377
