Car -1 -1 -1.7308 682.1860 186.3731 769.2066 250.8595 1.5120 1.6360 3.7720 2.9276 1.5465 18.8096 -1.5764 17.9833
Car -1 -1 -1.4688 536.0143 181.9980 576.3845 215.2548 1.4424 1.5013 3.4624 -2.3480 1.3039 32.9271 -1.5400 13.8510
Car -1 -1 -1.5779 636.4639 179.8196 660.2916 201.5099 1.4528 1.5947 3.7876 2.7922 1.0925 50.0757 -1.5222 11.8156
Car -1 -1 -2.1953 853.0075 213.9024 1240.0000 375.0000 1.4195 1.5529 3.6525 3.0241 1.6822 4.6882 -1.6224 9.9542
Car -1 -1 -0.5460 867.7129 163.4805 1142.1092 262.1067 1.7923 1.7523 4.4385 7.5702 1.3984 14.0495 -0.0518 8.7847
Car -1 -1 -1.7295 668.9029 183.6430 723.8142 223.2371 1.4679 1.5791 3.7300 3.4108 1.4107 28.5415 -1.6105 7.4454
Car -1 -1 -1.7155 677.5827 183.6578 744.3816 233.6287 1.5198 1.6216 3.9121 3.2893 1.4735 23.8210 -1.5783 7.1223
Car -1 -1 1.6083 571.6240 178.1142 590.1681 195.1515 1.5113 1.5589 3.5779 -2.4350 0.8825 65.5511 1.5712 2.9615
Car -1 -1 -0.1913 719.5690 186.0060 788.3536 212.1404 1.6143 1.7144 3.9948 9.1533 1.6663 45.3264 0.0080 2.0261
Car -1 -1 -1.5948 630.0127 179.8540 649.4063 197.2186 1.4754 1.6025 3.7426 2.7627 1.0209 62.9596 -1.5510 -0.2351
Car -1 -1 -1.4780 639.6715 180.5739 666.4114 201.3780 1.5108 1.6471 4.0944 3.4420 1.1748 54.3503 -1.4147 -0.4437
Car -1 -1 -1.4986 547.0961 181.2024 585.6695 213.4322 1.5173 1.6328 4.0923 -2.0435 1.3295 35.8969 -1.5554 -0.8830
