Car -1 -1 -1.7093 681.7897 184.8777 757.2521 242.7287 1.5315 1.6429 3.7353 3.1083 1.5237 20.9017 -1.5616 16.0810
Car -1 -1 -1.6190 639.6301 179.6420 663.6658 200.9439 1.4879 1.5620 3.4875 3.1242 1.0997 51.9589 -1.5590 13.3931
Car -1 -1 -2.0008 808.6868 203.0191 1185.4607 375.0000 1.4284 1.5463 3.5645 3.0628 1.6377 6.6164 -1.5672 13.2653
Car -1 -1 -1.4062 543.3416 181.6951 586.1119 212.7181 1.4337 1.5235 3.5434 -2.0813 1.2722 35.0604 -1.4655 12.0426
Car -1 -1 -1.6922 670.0777 184.0378 715.5118 220.0490 1.4563 1.5177 3.4182 3.5522 1.4098 30.7817 -1.5773 8.1670
Car -1 -1 -0.5761 844.9183 165.5354 1046.2743 245.7295 1.6604 1.6374 3.7660 7.3785 1.2541 15.9587 -0.1430 7.8345
Car -1 -1 -1.7496 674.4810 183.7691 737.7673 228.6854 1.4775 1.5786 3.6811 3.3734 1.4311 25.5193 -1.6182 5.6074
Car -1 -1 -1.4355 619.9700 179.0264 643.1918 195.6899 1.4636 1.6120 3.7618 2.1774 0.9211 65.1264 -1.4021 2.5627
Car -1 -1 1.6008 578.2150 179.7102 596.4448 195.9644 1.4870 1.6084 3.5400 -1.9036 0.9845 67.5332 1.5727 1.3399
Car -1 -1 -1.6324 639.5934 182.0259 664.1968 202.1143 1.4943 1.6447 4.0101 3.3557 1.2581 55.4749 -1.5720 -0.5454
Car -1 -1 -1.7684 734.3528 192.3523 774.6413 220.1265 1.4628 1.5573 3.5133 8.1944 1.8837 40.5187 -1.5689 -0.8846
Car -1 -1 -0.0599 740.6023 183.0917 800.0096 206.9958 1.5335 1.5850 3.7125 10.6043 1.3983 47.1914 0.1611 -0.8888
Car -1 -1 -1.2729 742.5412 194.5879 795.7628 225.4950 1.4177 1.5824 3.7650 8.1489 1.9177 36.2269 -1.0516 -1.3154
