Car -1 -1 -1.7028 679.5390 182.1819 747.3656 234.2084 1.5184 1.6420 3.6493 3.2255 1.4310 22.8073 -1.5623 16.6240
Car -1 -1 -1.9148 770.0791 192.7845 1024.7370 354.7612 1.5102 1.6133 3.6454 3.1280 1.6221 8.6929 -1.5694 14.6811
Car -1 -1 -0.5123 821.1495 159.6618 1016.1700 231.7021 1.6976 1.6859 4.1996 7.6604 1.0966 18.0046 -0.1101 8.6411
Car -1 -1 -1.4850 552.9956 179.3009 589.0498 208.6300 1.4403 1.5488 3.7570 -1.8857 1.1510 37.2031 -1.5356 7.9290
Car -1 -1 -1.7047 676.4127 179.1702 734.1222 223.2564 1.5631 1.6423 4.0630 3.6134 1.3498 27.5172 -1.5741 7.3752
Car -1 -1 -1.6304 640.8071 175.4478 666.0696 196.9594 1.5599 1.6671 3.7575 3.3815 0.8527 54.0047 -1.5678 7.1743
Car -1 -1 -1.6804 671.7824 179.6038 717.2267 214.9943 1.4927 1.5922 3.9311 3.7998 1.2571 32.2873 -1.5632 6.5747
Car -1 -1 -1.9929 862.0473 170.5412 1024.8426 252.1121 1.4584 1.5873 3.7350 6.6141 1.1972 14.7164 -1.5705 1.2608
Car -1 -1 1.5931 582.7695 177.0371 600.3032 192.9143 1.4959 1.6162 3.7194 -1.5529 0.7265 69.5842 1.5708 1.2196
Car -1 -1 -1.9014 718.8192 189.3897 757.8527 210.9052 1.4692 1.6068 3.8376 9.3582 1.7834 51.8857 -1.7230 -0.1680
