Car -1 -1 -1.3230 383.3054 198.7754 507.3114 289.6917 1.5142 1.5696 3.5334 -3.1297 1.8189 14.2944 -1.5386 13.6121
Car -1 -1 2.2330 0.0000 220.1556 347.2066 375.0000 1.5360 1.7065 4.4107 -3.3973 1.8665 4.5507 1.5917 12.1417
Car -1 -1 -1.4610 486.9185 189.0998 542.1533 236.6648 1.6663 1.6593 4.1137 -3.5369 1.8277 27.5890 -1.5885 10.4708
Car -1 -1 -1.4458 512.4170 186.8115 558.4879 225.8797 1.7005 1.6666 3.8057 -3.3299 1.7800 33.3659 -1.5453 9.4184
Car -1 -1 -1.3966 428.8672 193.8618 511.8334 258.3700 1.4511 1.5079 3.3854 -3.4508 1.6932 18.3245 -1.5827 8.4263
Car -1 -1 -1.5812 618.1681 174.0502 642.7769 200.1076 1.8427 1.7401 4.4699 1.6321 1.0542 53.0830 -1.5504 7.8131
Car -1 -1 -0.0828 633.5025 177.9689 710.2994 205.1527 1.4864 1.6368 4.1459 3.5086 1.0913 40.1306 0.0044 5.7155
Car -1 -1 -1.4559 618.5029 182.6591 649.3472 206.0201 1.5003 1.6317 3.9121 1.7722 1.3372 48.2201 -1.4192 5.5567
Car -1 -1 1.6870 526.2064 194.0034 561.2199 221.1635 1.4583 1.6039 3.7176 -3.6971 1.9921 41.6907 1.5986 1.7059
Car -1 -1 -1.4724 505.1496 189.3528 538.8290 217.5094 1.7819 1.8120 4.6234 -5.7546 2.0756 48.5021 -1.5905 0.4405
