Car -1 -1 -1.7523 688.2417 188.1204 786.7581 260.4490 1.4927 1.5910 3.7257 2.8691 1.5695 16.8549 -1.5837 16.7453
Car -1 -1 -1.4674 525.4738 181.6159 570.8108 217.9586 1.4730 1.5849 3.5751 -2.5457 1.3282 30.9364 -1.5496 12.9651
Car -1 -1 -1.5646 634.9982 178.8629 659.9976 201.8236 1.4712 1.6010 3.8383 2.6417 1.0653 48.0214 -1.5097 12.1131
Car -1 -1 -1.7180 671.1455 184.1201 727.4649 225.3576 1.4178 1.5343 3.6017 3.2702 1.3812 26.5298 -1.5953 10.3986
Car -1 -1 -1.7119 682.0904 184.2075 748.8634 236.5652 1.4691 1.5155 3.5055 3.1611 1.4419 21.9203 -1.5686 7.4861
Car -1 -1 -0.7106 1022.3688 185.6207 1240.0000 323.8450 1.5470 1.6241 4.1041 7.5819 1.5536 8.8646 -0.0031 6.2270
Car -1 -1 2.8768 747.6341 183.6823 819.8549 209.6785 1.5322 1.6432 3.9244 10.5213 1.4429 43.2367 3.1155 4.7654
Car -1 -1 -1.5322 566.6384 179.3232 585.9646 196.7114 1.4926 1.5759 3.3662 -2.7614 0.9879 63.3886 -1.5757 4.5469
Car -1 -1 -0.5903 914.9176 159.5618 1223.1956 263.4724 1.6188 1.6357 4.1671 7.5428 1.2203 12.0798 -0.0321 3.1972
Car -1 -1 -0.8402 996.0432 162.9720 1240.0000 375.0000 1.4798 1.6353 4.0653 4.2360 1.4067 3.3388 0.0631 2.5996
Car -1 -1 -1.6008 619.3797 178.7265 639.6334 196.6560 1.4755 1.6014 3.7784 1.8084 0.9426 61.0439 -1.5712 -0.1881
