Car -1 -1 -1.6947 682.0547 185.7735 750.6655 239.6772 1.5012 1.6142 3.5421 3.1720 1.5206 21.8399 -1.5505 17.9830
Car -1 -1 -1.9531 780.7535 203.4207 1087.0868 375.0000 1.3737 1.5556 3.8908 3.0945 1.6231 7.8460 -1.5775 11.2171
Car -1 -1 -1.4770 549.5666 182.9838 586.7256 212.6912 1.4154 1.5225 3.7519 -1.9760 1.3102 36.1493 -1.5316 10.3543
Car -1 -1 -1.6226 641.5906 179.8563 665.3553 200.3231 1.4567 1.5635 3.4319 3.3166 1.0764 52.8850 -1.5600 9.2468
Car -1 -1 2.6730 827.0532 166.7236 1024.2716 240.8862 1.6553 1.6351 3.9483 7.3655 1.2437 16.9737 3.0824 7.0012
Car -1 -1 -1.7037 670.4236 183.9422 715.9567 219.0381 1.4624 1.5243 3.5798 3.6828 1.4104 31.7523 -1.5882 5.5887
Car -1 -1 -1.6927 676.4870 183.7074 731.8469 226.2060 1.4782 1.5922 3.7341 3.4937 1.4269 26.8732 -1.5634 3.7878
Car -1 -1 1.5882 579.4039 177.5943 596.8576 193.9500 1.5177 1.6023 3.6856 -1.8554 0.8116 68.5538 1.5611 3.2806
Car -1 -1 -0.2482 747.2264 186.4500 808.1991 208.8905 1.4752 1.5886 3.6975 11.3347 1.5604 48.1687 -0.0171 2.1119
Car -1 -1 -1.8385 664.5680 184.0355 700.6142 205.5458 1.4900 1.6129 3.8669 5.3323 1.4094 51.8310 -1.7360 0.9022
Car -1 -1 -1.3914 741.8237 193.0393 781.5490 220.7017 1.4414 1.5624 3.6832 8.7021 1.9060 40.5851 -1.1802 0.4046
Car -1 -1 -1.6106 629.1291 178.2437 648.3451 194.7318 1.4736 1.6124 3.7789 2.8169 0.8516 66.1324 -1.5680 0.0307
