Car -1 -1 -1.4376 465.0286 187.0624 550.0119 253.8813 1.4457 1.5655 3.6692 -2.3766 1.4965 17.4868 -1.5727 15.9551
Car -1 -1 -1.8841 723.3706 191.3996 993.2791 374.4621 1.5423 1.6423 3.7955 2.4178 1.6296 8.0981 -1.5939 14.5147
Car -1 -1 -1.6366 660.5656 181.8605 724.4204 236.5998 1.4339 1.5611 3.7555 2.3164 1.3471 20.7375 -1.5253 12.4240
Car -1 -1 -1.7019 643.8896 176.6327 703.4031 221.4296 1.5300 1.6454 4.1846 2.3214 1.2380 26.6755 -1.6151 10.3696
Car -1 -1 -1.6115 627.6810 178.7810 653.3029 201.1810 1.4082 1.5176 3.7384 2.0868 1.0048 47.0602 -1.5672 7.7909
Car -1 -1 1.6112 560.8017 176.7653 581.3787 195.9595 1.6522 1.6667 4.0573 -3.2407 0.9259 63.9113 1.5605 6.3303
Car -1 -1 -1.4417 481.3819 182.2196 550.0554 237.4108 1.6148 1.6704 4.0697 -2.8987 1.5283 23.0672 -1.5667 2.4924
Car -1 -1 1.6110 570.0619 177.0681 588.8391 193.1636 1.4886 1.6271 4.1144 -2.6783 0.7362 68.5377 1.5719 1.2311
Car -1 -1 -0.2864 736.7988 191.7719 910.8073 254.0886 1.3880 1.5307 3.6390 4.9530 1.5507 16.9383 -0.0019 0.7170
Car -1 -1 -1.6944 681.1599 183.0005 715.3789 209.0673 1.5806 1.6672 3.9667 5.6667 1.4474 45.5688 -1.5707 0.4246
