Car -1 -1 -1.4876 566.0946 191.2978 617.9155 232.0324 1.3495 1.6026 3.4141 -0.5516 1.5863 26.0890 -1.5088 17.3625
Car -1 -1 -1.7841 757.3951 191.9682 943.9436 332.7355 1.5753 1.6468 3.7973 3.1385 1.6906 10.1911 -1.4853 14.3750
Car -1 -1 -1.6979 709.6708 189.9854 777.2630 240.8718 1.4645 1.6211 3.9479 4.2207 1.6321 23.0766 -1.5170 13.2721
Car -1 -1 -1.5547 692.9486 185.6051 717.8490 208.5093 1.4220 1.5381 3.6470 6.3347 1.4494 46.6107 -1.4196 6.7241
Car -1 -1 -1.4519 585.5813 186.8425 629.1343 221.9149 1.5405 1.6195 3.6379 -0.0004 1.6221 33.6489 -1.4519 5.5450
Car -1 -1 1.9409 229.5624 129.1353 435.6022 265.5745 2.2460 1.9646 5.5121 -5.2512 1.3240 14.6098 1.5959 1.0782
Car -1 -1 -1.6201 629.2167 185.0112 652.5208 204.2136 1.4564 1.6246 4.1262 2.5576 1.4420 56.5836 -1.5749 0.0877
Car -1 -1 -2.0580 788.5987 193.3838 914.8146 254.2034 1.4591 1.6373 3.9069 6.5397 1.7094 19.8601 -1.7399 -0.9206
Car -1 -1 -1.6757 681.1048 182.2237 705.5851 201.2966 1.5259 1.6187 3.7563 7.0267 1.2877 59.3955 -1.5579 -1.0046
Car -1 -1 -1.5447 577.0807 189.1017 601.4412 211.2064 1.5027 1.6457 3.9252 -1.3119 1.7929 51.5165 -1.5702 -1.1709
