Car -1 -1 -1.7204 665.0817 169.8977 726.1295 214.9484 1.5394 1.6372 4.0565 3.1289 1.0171 26.6141 -1.6034 16.4211
Car -1 -1 -1.9511 774.5010 183.7618 1240.0000 375.0000 1.6660 1.6727 4.2161 2.6112 1.6593 6.0144 -1.5415 13.7113
Car -1 -1 -1.5022 567.4025 171.8016 596.8653 198.4512 1.5424 1.5403 3.5430 -1.5371 0.7671 43.3964 -1.5376 11.2304
Car -1 -1 2.2272 0.0000 240.9672 298.9695 375.0000 1.4460 1.6356 4.0027 -2.4376 1.7887 2.2936 1.4113 9.0424
Car -1 -1 -1.6353 662.5145 169.6964 707.6506 211.8339 1.7440 1.7048 4.2626 3.3303 1.1028 31.9120 -1.5313 4.9484
Car -1 -1 -0.5504 967.8193 162.1372 1140.9786 214.5401 1.4256 1.5993 3.9081 12.5076 0.7989 20.3528 0.0007 3.5855
Car -1 -1 1.2120 839.2869 167.7781 988.8769 246.4678 1.4403 1.5963 3.8502 6.1864 1.1223 15.1025 1.6008 0.4674
Car -1 -1 2.5362 982.8925 147.8077 1240.0000 233.8626 1.5163 1.6395 4.0179 9.4319 0.8583 13.4922 3.1463 -0.2905
Car -1 -1 -1.1835 550.8874 174.2881 595.7555 197.6676 1.4399 1.5861 3.7584 -2.1949 0.7680 46.3050 -1.2309 -0.9936
Car -1 -1 -1.6590 656.8585 168.8044 689.7149 196.1661 1.5355 1.5949 3.6594 3.7757 0.6157 42.1684 -1.5697 -1.2313
