Car -1 -1 -1.3702 323.2747 195.2621 494.6343 324.0743 1.4501 1.5949 3.8293 -2.6817 1.6232 10.3480 -1.6238 17.4427
Car -1 -1 -1.5388 527.2716 182.8763 556.7033 209.8266 1.4523 1.5411 3.6890 -3.7062 1.3273 40.6202 -1.6298 13.8812
Car -1 -1 -1.6947 621.9319 183.1802 670.5604 221.0276 1.5550 1.6552 3.8129 1.5890 1.4725 31.4935 -1.6443 13.3463
Car -1 -1 -1.8994 717.1985 197.2425 1014.5216 375.0000 1.4419 1.6523 4.1949 2.3812 1.6120 7.9668 -1.6089 13.0589
Car -1 -1 -1.5112 451.0963 190.3926 519.5974 254.6898 1.3971 1.4569 3.3414 -2.9669 1.5378 17.6356 -1.6779 11.9560
Car -1 -1 -1.5852 610.7524 181.1678 637.6354 206.4433 1.4846 1.5790 3.5529 0.9515 1.2480 44.0014 -1.5636 10.4087
Car -1 -1 -1.4664 473.7966 185.9879 535.1797 235.2796 1.4753 1.5915 3.8716 -3.3394 1.5038 23.5369 -1.6073 9.1413
Car -1 -1 -1.0483 600.9277 179.4235 647.9837 205.1319 1.6993 1.6114 3.6972 1.1672 1.3176 49.5114 -1.0248 -0.1062
Car -1 -1 -1.5548 598.0564 179.6359 615.1855 195.3300 1.4965 1.6203 3.7918 -0.0935 0.9656 70.4504 -1.5561 -0.1650
Car -1 -1 -1.1789 584.8324 180.3887 634.0994 205.8461 1.5624 1.6808 4.2614 0.1431 1.2673 46.4046 -1.1759 -0.7330
Car -1 -1 -1.6447 649.8453 186.0452 677.3731 208.9788 1.5351 1.6326 3.7868 3.8396 1.5963 50.1461 -1.5682 -0.9467
