Car -1 -1 -1.7268 687.8133 176.5915 754.9835 226.1048 1.5214 1.6284 3.7501 3.6603 1.2576 23.9635 -1.5752 13.8421
Car -1 -1 -2.1727 865.2308 187.9807 1240.0000 375.0000 1.5252 1.6643 4.0997 2.7444 1.5485 3.6522 -1.5283 10.6009
Car -1 -1 -1.5358 579.4982 175.7610 609.5016 203.0058 1.4864 1.5873 3.7385 -0.7469 0.9717 41.0975 -1.5540 9.9224
Car -1 -1 -0.5097 919.3724 178.0239 1187.2357 272.2761 1.5124 1.5513 3.6260 7.4611 1.3981 12.3663 0.0332 9.9089
Car -1 -1 -1.6364 683.8135 171.0608 730.6082 214.2245 1.6421 1.6271 3.8255 3.9544 1.1047 29.3079 -1.5023 9.3726
Car -1 -1 -1.6736 670.6884 173.6234 707.4065 201.9847 1.5197 1.6384 4.0751 4.5065 0.8996 40.5579 -1.5629 7.9640
Car -1 -1 2.5051 1048.6817 172.8660 1240.0000 246.2344 1.7212 1.6716 4.2062 13.4486 1.4326 17.7223 3.1542 7.6031
Car -1 -1 -0.5986 963.7731 164.7384 1240.0000 295.3944 1.5602 1.6780 4.1077 7.1354 1.3168 9.5110 0.0451 3.0870
Car -1 -1 -1.4334 590.8602 165.2708 625.1059 197.3634 2.3994 1.9902 5.2552 0.0609 0.9093 56.4806 -1.4324 2.0975
Car -1 -1 -1.1344 667.6210 174.1137 710.7282 196.3838 1.4850 1.5843 3.6399 5.6649 0.7458 49.8949 -1.0213 -0.4547
Car -1 -1 -1.5625 590.7463 176.8783 616.4749 202.8135 1.7119 1.6984 4.3304 -0.2912 1.1627 49.6135 -1.5684 -1.0024
