Car -1 -1 -1.7095 645.6794 179.3755 698.5957 218.3529 1.4759 1.6062 3.8592 2.5079 1.2559 29.1862 -1.6238 15.8752
Car -1 -1 -1.8487 719.9603 179.8853 979.1546 365.7689 1.7120 1.7337 4.2045 2.5023 1.6641 8.7207 -1.5693 13.5488
Car -1 -1 -1.5003 553.8112 179.6133 582.2963 203.6504 1.4749 1.5793 3.3991 -2.5212 1.1323 45.8158 -1.5553 10.9747
Car -1 -1 2.2241 0.0000 205.8878 369.4128 375.0000 1.5280 1.6812 4.1358 -2.8045 1.6945 3.6761 1.5723 7.9624
Car -1 -1 -0.4988 919.4700 175.1261 1050.2679 222.6104 1.4769 1.5691 3.3974 12.0478 1.1642 23.1718 -0.0194 6.5487
Car -1 -1 -2.0887 889.7798 201.9187 1240.0000 375.0000 1.5525 1.5259 3.4650 2.4165 1.6692 3.1515 -1.4346 3.9065
Car -1 -1 -1.6358 634.9779 176.6876 664.7650 202.3072 1.5540 1.6253 3.9193 2.6050 1.0378 45.5652 -1.5787 2.5483
Car -1 -1 1.6092 563.9923 180.2909 587.6957 202.7519 1.5799 1.5886 3.6763 -2.3150 1.2346 52.4041 1.5650 1.8447
Car -1 -1 -1.4979 566.1158 168.0047 593.6858 197.0647 2.3770 1.9772 5.2852 -2.3439 0.9703 61.4704 -1.5360 0.1642
Car -1 -1 -1.7986 650.3456 177.5733 676.0621 194.0429 1.5720 1.6638 3.9695 5.4162 0.8437 70.6995 -1.7221 -1.1688
