Car -1 -1 -1.2867 150.5499 203.4141 455.0264 375.0000 1.5130 1.6540 4.0590 -2.7405 1.7535 7.3686 -1.6427 15.0667
Car -1 -1 -1.4748 449.5733 186.5523 522.0432 245.2010 1.5004 1.6524 4.1127 -3.4314 1.5438 20.5917 -1.6400 13.5783
Car -1 -1 -1.4725 408.3450 194.4215 501.5778 277.0373 1.4264 1.5070 3.5538 -3.0469 1.6391 14.6665 -1.6774 13.4732
Car -1 -1 -1.7337 618.5896 184.2885 674.7819 225.8259 1.5309 1.6203 3.7335 1.4336 1.4979 28.4366 -1.6833 12.1580
Car -1 -1 -1.5301 517.3117 184.5760 550.1165 213.2570 1.4256 1.5576 3.8504 -3.8686 1.3949 37.6969 -1.6323 11.6224
Car -1 -1 -2.0484 761.6637 197.3916 1240.0000 375.0000 1.4454 1.6435 4.0529 2.3967 1.5695 5.1945 -1.6161 8.8937
Car -1 -1 -1.5727 607.2880 180.6821 637.1187 208.3349 1.5089 1.6279 3.7702 0.7919 1.2626 41.1194 -1.5534 8.2709
Car -1 -1 -1.5710 591.6354 178.8125 609.5411 194.9847 1.4734 1.6314 3.9533 -0.6820 0.8911 67.4724 -1.5811 4.2271
Car -1 -1 -1.7194 599.2237 179.6390 633.2777 206.0783 1.6510 1.6535 3.9203 0.4883 1.3039 46.9406 -1.7090 2.7264
Car -1 -1 -1.8097 642.1761 184.6025 685.2979 211.6645 1.4707 1.5798 3.8609 3.1196 1.4385 41.0952 -1.7339 0.0738
