Car -1 -1 -1.4801 510.3363 185.2182 562.0069 226.5714 1.4451 1.5866 3.9365 -2.6659 1.4463 27.0912 -1.5782 15.9787
Car -1 -1 -1.3086 284.6235 189.6434 487.6699 330.6648 1.5453 1.6801 3.8376 -2.8407 1.6195 9.9269 -1.5873 14.7088
Car -1 -1 -1.7488 658.7246 182.5533 751.3516 250.7420 1.4997 1.6058 3.6350 2.2306 1.4423 17.6635 -1.6231 14.6034
Car -1 -1 -1.5776 636.2401 179.6203 676.3049 217.0564 1.4793 1.5821 3.6026 1.9872 1.2593 30.2464 -1.5120 13.4588
Car -1 -1 2.2223 0.0000 217.4661 357.6488 375.0000 1.4428 1.6370 4.1838 -2.7696 1.6944 3.4690 1.5486 9.3524
Car -1 -1 -1.6222 631.2721 177.1481 667.7311 209.3404 1.5401 1.6323 3.8426 2.0287 1.1553 36.3122 -1.5664 8.2224
Car -1 -1 -1.5767 616.1705 177.4422 636.8100 196.2674 1.4359 1.5742 3.6007 1.4476 0.8441 56.6424 -1.5511 6.6431
Car -1 -1 -1.5879 612.6562 176.7714 632.3115 196.4549 1.6485 1.6284 3.7254 1.2349 0.9424 62.0670 -1.5680 6.0070
Car -1 -1 -1.4568 513.2276 181.0314 558.8528 219.3544 1.6367 1.6411 3.7657 -3.2269 1.4591 32.5919 -1.5555 4.6778
Car -1 -1 -1.6405 648.9972 180.9411 673.8350 201.0290 1.4821 1.6240 3.8359 4.0523 1.1678 54.9534 -1.5669 -1.3349
