Car -1 -1 -1.3306 311.1920 191.5887 478.5117 315.4401 1.5012 1.5538 3.5173 -3.0073 1.6128 10.6772 -1.6052 17.0781
Car -1 -1 -1.8287 701.7838 192.1166 874.7299 307.4815 1.4303 1.5761 3.8670 2.5086 1.5568 11.1033 -1.6065 14.8195
Car -1 -1 -1.6942 653.4763 184.6054 725.4620 238.3474 1.4435 1.6065 4.0807 2.2835 1.4282 21.3578 -1.5877 14.1838
Car -1 -1 -1.4452 440.0903 189.6835 520.0678 252.4376 1.4172 1.5551 3.6986 -3.2064 1.5443 18.3827 -1.6179 13.5110
Car -1 -1 -1.6276 630.2901 178.9778 664.6274 207.7377 1.4517 1.5891 4.0359 2.0376 1.1380 38.3026 -1.5745 10.3674
Car -1 -1 2.1833 0.0000 221.2866 359.0364 375.0000 1.4011 1.6531 4.3890 -2.8610 1.7020 3.7452 1.5310 8.1387
Car -1 -1 -1.4681 471.8406 150.0615 546.1286 230.1085 2.5044 2.0226 5.4079 -3.3646 1.4056 25.2194 -1.6007 7.9900
Car -1 -1 -0.0566 614.1829 178.0209 657.0839 195.3203 1.4720 1.5939 3.6109 2.3702 0.8609 61.9946 -0.0184 1.0030
Car -1 -1 -1.3625 560.5555 187.9940 588.9154 206.4302 1.4628 1.5984 3.8129 -2.7189 1.7023 59.6510 -1.4080 -0.3266
Car -1 -1 -1.5923 625.0663 178.4711 645.9300 197.2902 1.4495 1.5750 3.7076 2.1667 0.9312 57.2322 -1.5545 -1.3317
