Car -1 -1 -1.8891 742.2641 205.2800 1012.3037 375.0000 1.4642 1.6257 3.8362 2.6619 1.7479 8.1977 -1.5751 13.3853
Car -1 -1 -1.7007 669.9591 194.7202 756.2063 261.0266 1.4585 1.6325 4.1510 2.5387 1.7316 18.4854 -1.5642 12.3073
Car -1 -1 1.9191 152.7750 202.3018 449.7906 375.0000 1.5254 1.6040 3.7128 -2.8989 1.7512 7.5754 1.5536 12.0976
Car -1 -1 -1.6611 640.7135 190.0200 680.5579 222.0402 1.4581 1.5902 3.9525 2.5118 1.7086 35.3187 -1.5901 10.8950
Car -1 -1 1.7575 412.1021 199.9042 517.0048 280.4775 1.4563 1.5707 3.4595 -2.9809 1.8067 15.3546 1.5658 10.5678
Car -1 -1 1.6281 533.1751 190.9684 568.6142 223.1174 1.4821 1.5501 3.5169 -2.8003 1.7819 35.5460 1.5494 5.5235
Car -1 -1 -1.6219 640.7756 186.7017 671.9873 213.2542 1.4261 1.5680 3.6498 2.6818 1.5151 40.6470 -1.5560 4.4761
Car -1 -1 -1.4604 464.9757 161.4591 551.2011 252.9234 2.4938 2.0225 5.7883 -2.9891 1.8472 22.5115 -1.5924 2.2539
Car -1 -1 1.5416 621.9451 187.1833 643.3113 207.3954 1.6330 1.6727 4.1184 2.0516 1.8055 60.5389 1.5755 0.3785
Car -1 -1 1.5269 627.0530 185.7815 650.7952 207.9312 1.6256 1.6325 3.9020 2.3272 1.6714 54.8057 1.5694 -0.6053
Car -1 -1 -1.6409 645.1086 184.2132 675.0177 208.7767 1.4984 1.6294 3.7823 3.2650 1.4384 45.7392 -1.5696 -0.9775
