Car -1 -1 -1.2747 452.7813 185.5743 697.8028 366.6340 1.5956 1.6794 4.1750 -0.1384 1.6021 8.5781 -1.2908 13.7548
Car -1 -1 -1.4142 628.6383 183.8173 741.7322 269.6979 1.4326 1.5955 3.9058 1.5997 1.4104 14.0823 -1.3011 12.2851
Car -1 -1 -1.4472 695.5054 175.3944 768.4880 236.3812 1.5333 1.5790 3.4702 3.4784 1.2875 19.9587 -1.2746 9.9897
Car -1 -1 -1.7099 911.1974 183.3024 1001.1729 242.6823 1.3531 1.5189 3.9452 8.7850 1.3107 18.4869 -1.2663 9.4599
Car -1 -1 -1.3872 889.8121 176.2456 952.5542 216.3219 1.4555 1.5827 3.8027 12.2742 1.1308 28.1212 -0.9756 8.8373
Car -1 -1 -1.4763 734.3776 176.4946 785.7709 216.8986 1.4347 1.5744 3.8451 5.8662 1.1262 27.5924 -1.2669 7.0683
Car -1 -1 -1.9382 880.1185 180.1934 953.5451 215.6290 1.4684 1.6452 3.9966 13.5404 1.2614 31.8110 -1.5358 2.3383
Car -1 -1 -1.9051 929.3360 177.1752 1092.3635 263.7110 1.5236 1.6296 4.0693 8.0060 1.3832 14.7926 -1.4091 0.9163
Car -1 -1 -1.7683 868.1478 168.1689 913.9702 200.4007 1.8915 1.7635 4.6112 17.4785 0.8922 44.6059 -1.3948 0.3018
Car -1 -1 -0.3712 856.3915 172.4584 926.3781 195.3644 1.4761 1.6110 3.9524 18.5355 0.6551 47.1329 0.0035 -0.9402
Car -1 -1 -1.8160 780.2518 172.7013 822.3288 197.8638 1.5623 1.6934 4.0651 12.4840 0.7864 46.6753 -1.5546 -1.2984
