Car -1 -1 -1.8078 695.2873 191.6449 850.4320 297.4870 1.4220 1.5735 3.7577 2.4576 1.5456 11.7881 -1.6022 15.3947
Car -1 -1 -1.4506 444.7065 189.9325 522.2553 250.3762 1.4243 1.5863 3.8041 -3.2561 1.5640 19.1756 -1.6188 13.2673
Car -1 -1 -1.3515 328.0349 189.0869 483.1188 306.1141 1.5365 1.5890 3.5761 -3.0550 1.6087 11.3752 -1.6139 12.8641
Car -1 -1 -1.6753 651.4564 185.0480 718.5077 237.2337 1.4557 1.6090 4.0267 2.2344 1.4522 22.0647 -1.5743 12.2579
Car -1 -1 -1.6942 626.1549 178.9980 665.5702 208.0526 1.4933 1.6460 3.9887 1.9849 1.1749 38.9920 -1.6433 9.9116
Car -1 -1 -1.4647 473.4464 151.1992 547.5578 229.3254 2.5128 2.0615 5.4504 -3.3979 1.4198 25.8667 -1.5953 6.1817
Car -1 -1 2.0643 0.0000 213.3820 390.2522 375.0000 1.3725 1.6200 4.2895 -2.8725 1.6468 4.7876 1.5239 5.8333
Car -1 -1 0.1028 616.7090 177.3387 663.4033 196.9980 1.5370 1.5950 3.5712 2.5746 0.9223 57.2507 0.1478 1.7731
Car -1 -1 -1.6072 622.7922 174.9066 651.4350 200.8331 1.6171 1.7054 4.3326 1.8533 0.9752 47.0013 -1.5678 1.2559
Car -1 -1 -0.0348 604.5651 179.8222 646.6672 196.8659 1.4680 1.5638 3.6179 1.5251 1.0046 62.7137 -0.0105 -0.1599
Car -1 -1 1.5160 623.5517 177.4562 656.4899 203.7154 1.4882 1.7117 4.5383 1.8528 1.0495 43.0140 1.5591 -0.2985
