Car -1 -1 -1.4468 496.7802 184.6229 558.2758 236.0430 1.5697 1.5771 3.6856 -2.6191 1.5528 23.7953 -1.5564 13.7361
Car -1 -1 -1.9429 772.0396 205.1206 1169.1860 375.0000 1.4815 1.6296 4.0153 2.6777 1.7192 6.5160 -1.5530 13.4486
Car -1 -1 -1.7235 660.3403 187.6485 733.4965 238.7719 1.5099 1.7154 4.3731 2.7834 1.5986 23.6544 -1.6063 12.8369
Car -1 -1 -1.6435 546.2829 182.7189 572.9574 204.3541 1.4754 1.5977 4.0232 -3.4782 1.3062 51.1213 -1.7114 9.5023
Car -1 -1 2.3223 0.0000 211.1152 342.5863 375.0000 1.4282 1.6587 4.3603 -2.9292 1.6260 3.2596 1.5902 7.5410
Car -1 -1 -1.3324 246.2310 87.1137 517.1748 352.0119 2.7579 2.0941 6.6725 -2.8275 1.7376 10.8337 -1.5877 6.5240
Car -1 -1 -1.6445 656.7337 184.6396 704.3324 227.2930 1.5897 1.6045 3.7096 2.8026 1.5694 28.6622 -1.5470 3.3352
Car -1 -1 0.1171 496.6103 185.1888 558.4818 210.0472 1.5586 1.6179 3.7632 -5.1102 1.5580 45.8873 0.0062 0.7287
Car -1 -1 -1.0675 623.7177 181.2052 674.3058 204.1913 1.4820 1.6441 4.0822 2.8077 1.2246 48.5101 -1.0097 0.3697
Car -1 -1 0.5088 594.4830 184.8212 651.2127 205.9671 1.4565 1.5887 3.7335 1.0437 1.4305 51.1389 0.5292 -0.9011
