Car -1 -1 -1.3967 431.8719 183.0205 530.4412 260.2997 1.5400 1.5733 3.5388 -2.7612 1.4973 16.0936 -1.5666 15.3374
Car -1 -1 -1.7871 671.4368 183.8987 794.5511 263.3958 1.5346 1.7386 4.5319 2.5838 1.5103 16.1852 -1.6288 13.8398
Car -1 -1 -1.5166 531.1636 178.7590 560.4147 204.1410 1.4650 1.5613 3.7139 -3.7264 1.0935 43.3673 -1.6023 10.6480
Car -1 -1 -1.6828 665.1274 180.7076 735.5747 237.5919 1.5183 1.6082 3.8256 2.5813 1.3991 21.1039 -1.5610 9.1860
Car -1 -1 -1.6685 645.6470 176.7319 685.4928 210.5366 1.5677 1.5817 3.6848 2.7476 1.1754 35.1920 -1.5906 7.6051
Car -1 -1 -1.7687 507.5243 174.8255 538.3028 196.8107 1.6296 1.6338 3.7930 -6.5812 0.8606 55.3363 -1.8871 4.1421
Car -1 -1 1.3715 621.9886 175.5115 665.3456 204.9347 1.5915 1.6697 4.1760 1.9657 1.0677 41.0698 1.4193 4.0539
Car -1 -1 -0.6251 606.3678 177.6494 672.5722 201.6449 1.5121 1.6616 4.1496 2.0768 1.0364 47.1293 -0.5810 2.2612
Car -1 -1 -1.6631 659.2330 175.9652 717.4837 225.5669 1.6466 1.6863 4.2512 2.7892 1.3407 25.9976 -1.5562 1.1637
Car -1 -1 2.1446 200.1844 183.5570 380.9629 267.0299 1.8199 1.7795 4.9241 -7.8116 1.7849 18.2457 1.7401 -0.2024
