Car -1 -1 -1.7598 684.1118 188.3050 798.7020 269.5023 1.4868 1.6357 3.9567 2.6415 1.5622 15.3032 -1.5889 14.2623
Car -1 -1 -1.3511 356.6081 195.9497 503.5141 306.0041 1.5546 1.6616 3.6687 -2.9168 1.7678 12.3549 -1.5830 14.0111
Car -1 -1 -1.0563 0.0000 204.7706 391.2340 375.0000 1.4397 1.6123 4.0027 -2.7881 1.6207 4.5826 -1.6028 11.5776
Car -1 -1 -1.6882 646.5922 180.4793 695.5113 216.2482 1.5056 1.6709 4.5125 2.7550 1.3074 32.5372 -1.6038 11.2979
Car -1 -1 -2.0630 809.7673 206.3080 1240.0000 375.0000 1.4280 1.5757 3.9104 2.7190 1.6361 5.0945 -1.5728 9.8447
Car -1 -1 -1.4002 433.4998 140.4018 549.5760 250.9545 2.5102 2.0674 5.7888 -2.9229 1.4938 19.2329 -1.5510 8.0910
Car -1 -1 -1.4860 528.7283 178.2898 570.7910 216.6702 1.6389 1.5847 3.8208 -2.6096 1.3443 32.6072 -1.5659 6.6249
Car -1 -1 -1.6746 557.0858 181.7338 580.3420 199.6630 1.4388 1.5515 3.6432 -3.2778 1.1605 59.6055 -1.7295 5.0236
Car -1 -1 1.3795 619.2176 179.7904 647.8065 197.9788 1.4626 1.6485 3.9790 2.0966 1.0275 59.8956 1.4145 0.9367
Car -1 -1 -0.6096 620.8136 176.2720 670.0055 195.9189 1.5009 1.6035 3.5942 2.9556 0.8188 56.5446 -0.5574 -1.1136
Car -1 -1 -0.6356 607.3554 178.4552 650.5758 195.8855 1.4850 1.5564 3.5496 1.8562 0.9102 62.8902 -0.6061 -1.1409
Car -1 -1 -0.8239 634.1712 178.2502 689.0687 201.2818 1.5707 1.6555 3.9265 3.8269 1.0968 50.9644 -0.7489 -1.3743
