Car -1 -1 -1.7092 656.1101 186.0266 732.3095 241.1738 1.4205 1.5991 4.0260 2.3292 1.4472 20.6053 -1.5966 13.5426
Car -1 -1 -1.8433 709.3436 191.4791 892.6866 314.0801 1.4404 1.5653 3.7287 2.5450 1.5497 10.5257 -1.6060 13.2545
Car -1 -1 -1.6175 634.5193 179.3408 669.4954 209.6816 1.5027 1.6281 4.0935 2.2379 1.2129 37.6573 -1.5581 12.3506
Car -1 -1 -1.3014 285.9560 192.2291 476.6148 326.8948 1.4862 1.5748 3.5253 -2.9342 1.6012 9.8922 -1.5898 12.0967
Car -1 -1 -1.4415 433.9655 190.7837 519.0353 256.6354 1.4125 1.5708 3.8057 -3.1605 1.5656 17.6810 -1.6183 11.7909
Car -1 -1 2.2060 0.0000 222.3767 352.1813 375.0000 1.4457 1.7121 4.4760 -2.8764 1.7478 3.5435 1.5242 10.4291
Car -1 -1 -1.5041 474.9064 152.2139 545.1383 234.8279 2.4847 1.9874 5.4740 -3.2238 1.4933 24.4122 -1.6354 5.7153
Car -1 -1 -1.7679 626.5155 177.7308 672.0704 207.9267 1.6306 1.7464 4.4892 2.2843 1.2275 41.1598 -1.7125 4.8718
Car -1 -1 -0.5765 600.3822 175.9228 647.5171 192.9634 1.4233 1.6005 3.7858 1.3891 0.6482 61.7144 -0.5540 0.1469
Car -1 -1 -1.6124 629.5470 175.4309 657.7003 200.2410 1.5363 1.6474 3.9545 2.2576 0.9315 46.4916 -1.5639 0.1257
Car -1 -1 -2.2231 882.6032 196.9213 1240.0000 375.0000 1.5035 1.6036 3.9784 2.9920 1.6005 3.8930 -1.5679 -0.9735
