Car -1 -1 -1.7260 671.0876 194.2513 763.6383 262.0071 1.4211 1.5957 4.1074 2.5201 1.6706 17.6888 -1.5845 13.1777
Car -1 -1 -1.9158 752.8963 207.2343 1059.0006 375.0000 1.4191 1.5810 3.8279 2.6452 1.7084 7.4837 -1.5760 12.9909
Car -1 -1 1.7507 402.7698 198.3582 515.4092 283.0820 1.4520 1.6063 3.7473 -2.9597 1.7581 14.7888 1.5532 11.1096
Car -1 -1 -1.6355 642.3559 187.1983 682.1774 220.9148 1.5228 1.6513 3.9475 2.5421 1.6250 34.6758 -1.5623 10.6911
Car -1 -1 1.9778 22.6910 201.9206 443.9882 375.0000 1.5078 1.6736 4.2943 -2.8878 1.7134 6.6450 1.5678 8.3867
Car -1 -1 -1.7874 632.2511 184.3783 672.8697 212.2286 1.6388 1.6811 3.9673 2.6899 1.5907 44.3872 -1.7269 4.9363
Car -1 -1 -1.6275 641.8951 187.5619 673.9562 215.8533 1.4835 1.5663 3.4325 2.7037 1.6198 39.7006 -1.5595 4.6522
Car -1 -1 1.7192 455.3553 155.6693 552.5536 251.6613 2.4724 2.0304 5.4687 -2.9293 1.7125 21.2573 1.5822 4.2184
Car -1 -1 -1.5170 529.1840 186.4461 567.8416 222.6382 1.6562 1.6676 3.9694 -2.8662 1.7207 35.0347 -1.5986 3.2531
Car -1 -1 0.1108 629.8401 186.3265 680.5438 208.0916 1.5613 1.5850 3.5614 3.4801 1.6456 52.7663 0.1767 1.1769
Car -1 -1 2.0508 601.3253 188.8069 638.5745 206.8066 1.4870 1.6167 3.8884 1.0802 1.8099 62.3133 2.0682 -0.7280
