Car -1 -1 -1.7780 701.6737 187.1247 848.0985 284.2410 1.4455 1.6514 4.2002 2.7316 1.4865 12.8802 -1.5690 13.8655
Car -1 -1 -1.6977 652.4928 175.5010 707.1165 215.3126 1.5356 1.7067 4.3511 2.8815 1.1620 29.9243 -1.6017 12.6423
Car -1 -1 1.8316 286.6480 195.1210 484.1046 337.8567 1.5108 1.5980 3.6929 -2.8064 1.6717 9.7257 1.5507 11.4654
Car -1 -1 -1.4666 525.2654 178.1476 571.9911 215.6886 1.4684 1.5445 3.9926 -2.4504 1.1930 30.1267 -1.5477 8.2863
Car -1 -1 2.3015 0.0000 240.0174 260.6852 375.0000 1.4592 1.6132 3.8861 -2.6060 1.7815 2.1692 1.4248 7.6654
Car -1 -1 -2.3404 929.2042 222.7195 1240.0000 375.0000 1.4305 1.5493 3.9024 2.7059 1.6712 2.6120 -1.5373 6.6797
Car -1 -1 -1.4336 416.4269 122.9927 545.5535 257.1264 2.5764 2.0884 6.2705 -2.7549 1.3823 16.9628 -1.5946 5.5986
Car -1 -1 -1.6885 554.8699 177.5103 581.1124 197.4955 1.5338 1.6306 3.9298 -3.2146 0.9436 57.2433 -1.7446 2.6100
Car -1 -1 1.5358 629.1320 172.8033 651.8010 193.6800 1.5254 1.5780 3.7273 2.4284 0.6196 54.3933 1.5804 2.1093
Car -1 -1 1.3462 628.3996 174.0472 662.0063 196.0073 1.5030 1.5820 3.7770 2.6068 0.7397 51.1918 1.3970 -1.2259
