Car -1 -1 -1.7626 689.8018 190.1975 811.4016 275.2681 1.4406 1.5912 4.0989 2.6545 1.5563 14.4682 -1.5812 16.1404
Car -1 -1 -1.6915 649.7110 181.1235 698.7987 216.6933 1.4555 1.6402 4.1353 2.8097 1.2891 31.5033 -1.6026 14.5959
Car -1 -1 -1.3484 343.8740 195.4515 499.1607 310.8592 1.5178 1.6290 3.6588 -2.8636 1.7107 11.6222 -1.5900 13.8564
Car -1 -1 -2.1221 838.6961 210.1065 1240.0000 375.0000 1.4026 1.5480 3.7400 2.7145 1.6198 4.3637 -1.5657 7.6197
Car -1 -1 -0.9591 0.0000 203.7668 362.8489 375.0000 1.5158 1.6012 4.0677 -2.8493 1.6707 3.9084 -1.5891 7.3564
Car -1 -1 -1.4255 436.1063 138.5701 543.4672 255.0328 2.5663 1.9510 5.2164 -2.8790 1.5396 18.4535 -1.5802 6.9830
Car -1 -1 -1.2461 619.9482 176.8074 653.6897 196.7901 1.5096 1.5809 3.5780 2.2913 0.8755 56.2568 -1.2054 3.3542
Car -1 -1 -1.5296 558.3292 181.1274 579.1345 199.0917 1.4231 1.5525 3.6240 -3.1778 1.1003 58.7631 -1.5836 2.2560
Car -1 -1 -1.5132 647.8582 177.5734 683.7853 208.0164 1.4627 1.6055 3.7958 2.9635 1.0966 36.5255 -1.4323 1.1393
Car -1 -1 -1.6537 530.8301 181.0233 573.6900 218.1868 1.5684 1.6100 3.6482 -2.5756 1.3926 32.2648 -1.7333 1.0917
Car -1 -1 -1.0486 604.2350 177.0215 640.8151 194.4258 1.4700 1.5898 3.6335 1.3061 0.7790 62.6791 -1.0278 -1.3332
