Car -1 -1 -1.8810 755.6624 206.3272 1061.9330 375.0000 1.4993 1.6333 4.0984 2.6978 1.7852 7.6216 -1.5408 14.0666
Car -1 -1 -1.4700 504.7227 190.4350 562.0566 239.0836 1.5154 1.5813 3.8349 -2.5215 1.7099 24.7178 -1.5717 12.2901
Car -1 -1 -1.7401 658.9950 190.5524 731.2684 240.5905 1.5259 1.7170 4.3862 2.8460 1.7266 24.6315 -1.6251 11.4082
Car -1 -1 2.2109 0.0000 219.5589 366.0625 375.0000 1.5142 1.6427 4.0877 -2.8660 1.7976 3.8611 1.5723 8.2744
Car -1 -1 -1.6558 549.1047 187.7199 574.8420 208.7246 1.4455 1.5520 3.4994 -3.3446 1.6334 51.7531 -1.7204 6.4022
Car -1 -1 1.7779 285.3261 107.4914 520.4515 326.2543 2.3776 1.9747 6.3694 -2.6682 1.5340 11.0224 1.5404 6.1550
Car -1 -1 -1.6620 657.1305 188.7315 705.7390 230.1035 1.5750 1.6408 3.7253 2.9291 1.7298 29.5495 -1.5632 5.9121
Car -1 -1 -1.6023 629.8556 187.0550 655.4589 210.1281 1.5129 1.6300 3.7615 2.3400 1.6451 49.3257 -1.5549 2.8831
Car -1 -1 -1.6449 644.7578 186.0182 676.8639 214.1480 1.6304 1.6551 3.8881 3.1578 1.6825 43.7176 -1.5728 2.4664
Car -1 -1 1.5504 611.5807 189.5462 632.9008 209.4771 1.4927 1.5941 3.8514 1.0964 1.8464 56.5983 1.5697 0.4889
