Car -1 -1 -1.3900 379.0942 189.8344 495.4488 280.8744 1.5072 1.5570 3.5492 -3.1976 1.6092 13.8890 -1.6163 15.8441
Car -1 -1 -1.2832 147.0226 204.3585 439.9316 375.0000 1.4597 1.6289 4.1421 -2.9905 1.7229 7.7064 -1.6534 15.6458
Car -1 -1 -1.7591 675.2645 191.4791 793.3498 274.6208 1.3978 1.5610 3.9570 2.3234 1.5417 14.3829 -1.5989 13.6725
Car -1 -1 -1.6736 639.6076 185.1465 698.6962 231.7232 1.4690 1.6023 3.9444 1.9854 1.4680 24.6582 -1.5932 10.3672
Car -1 -1 1.7004 455.4169 190.3168 523.8621 241.9517 1.3885 1.5574 3.6997 -3.4986 1.5560 21.5695 1.5396 9.2775
Car -1 -1 2.2922 0.0000 241.6316 248.6722 375.0000 1.4644 1.6400 4.0212 -2.6659 1.8016 2.1581 1.4020 8.5328
Car -1 -1 -1.4841 478.6827 152.4452 545.3063 225.2765 2.6061 2.1127 6.0551 -3.7306 1.4346 28.7882 -1.6130 8.1108
Car -1 -1 -1.7338 614.4774 178.4565 655.2311 208.0878 1.6285 1.6980 4.1604 1.4884 1.2582 41.6752 -1.6981 7.9531
Car -1 -1 -1.4925 523.3675 179.7987 555.3413 206.8122 1.4959 1.5686 3.5879 -3.9468 1.1970 41.6090 -1.5871 2.3882
Car -1 -1 -1.5605 602.8539 177.1251 620.6076 193.7958 1.4944 1.5918 3.5749 0.3753 0.7703 66.2347 -1.5548 1.5027
Car -1 -1 -2.1075 693.2919 181.5958 949.4754 314.5870 1.5548 1.6545 4.1472 2.7916 1.5136 10.6217 -1.8505 0.5033
