Car -1 -1 -1.6108 497.3853 178.8327 539.9226 214.1339 1.4074 1.6393 3.6743 -3.8794 1.1541 30.6040 -1.7368 12.6532
Car -1 -1 -1.8779 739.0714 183.6975 1003.3513 375.0000 1.7569 1.6791 3.7769 2.6519 1.7444 8.3257 -1.5695 12.1423
Car -1 -1 -1.7839 660.0342 174.4337 735.6835 231.0630 1.6150 1.5895 3.5959 2.6706 1.3086 22.3613 -1.6651 10.7431
Car -1 -1 -1.7780 701.2805 171.4318 838.0419 278.4764 1.6974 1.6659 3.7881 2.7648 1.4799 13.2908 -1.5729 10.5809
Car -1 -1 -1.7814 627.8783 172.9708 690.5908 219.2045 1.6860 1.6301 4.0900 1.9097 1.2406 28.3517 -1.7141 10.1270
Car -1 -1 2.3016 0.0000 198.0462 342.2598 375.0000 1.5402 1.7035 4.5047 -2.6909 1.6317 2.7781 1.5321 8.7543
Car -1 -1 -2.1825 836.8657 197.0385 1240.0000 375.0000 1.4845 1.5932 3.9587 2.6210 1.5817 3.8435 -1.5840 5.6160
Car -1 -1 -1.7354 479.1387 173.8150 519.3039 203.6000 1.6840 1.6932 4.2172 -6.5538 1.0406 42.9076 -1.8870 2.9100
Car -1 -1 -2.9426 425.7378 179.9208 489.1509 204.5316 1.4961 1.5554 3.6063 -9.2932 1.1754 44.4872 -3.1485 0.5106
Car -1 -1 -2.6059 496.1311 187.1226 551.4834 206.1755 1.4493 1.6340 4.0609 -6.6249 1.6047 56.5652 -2.7225 -0.1118
