Car -1 -1 -1.8475 742.7581 202.5736 1007.6108 375.0000 1.4967 1.6843 4.3172 2.7479 1.7585 8.6074 -1.5384 13.8997
Car -1 -1 -1.7130 659.9921 193.5246 725.5924 242.6999 1.5451 1.7063 4.1627 2.8714 1.8642 25.4007 -1.6004 11.1161
Car -1 -1 -1.4830 512.6928 192.0889 564.0532 240.9480 1.5817 1.5055 3.6835 -2.4484 1.8456 25.6344 -1.5782 10.5244
Car -1 -1 2.0845 0.0000 216.8001 413.2613 375.0000 1.3443 1.5579 3.8843 -2.8183 1.6625 5.2550 1.5922 9.2945
Car -1 -1 -1.5434 552.8276 189.5870 576.7739 213.1362 1.6453 1.6557 3.9639 -3.1506 1.9808 52.9722 -1.6028 7.0749
Car -1 -1 1.7741 314.4955 114.4338 531.5255 314.8142 2.4777 2.1069 6.3293 -2.6721 1.6036 12.0647 1.5562 6.6941
Car -1 -1 -1.6863 654.5526 191.6597 703.4877 232.6361 1.5906 1.6251 3.7225 2.9120 1.8808 30.3683 -1.5907 3.7522
Car -1 -1 -1.6848 535.1356 182.2124 559.5786 201.0916 1.6583 1.7207 4.4232 -5.5443 1.3956 65.4765 -1.7693 1.8857
Car -1 -1 1.6953 612.3179 191.0211 642.1740 213.8896 1.5258 1.6360 4.0461 1.4063 1.9573 51.1610 1.7228 1.4401
Car -1 -1 -1.6215 632.4699 188.7225 658.4567 213.1108 1.6172 1.6164 3.6327 2.5694 1.8711 50.0022 -1.5702 -0.2321
