Car -1 -1 -1.4708 490.9118 179.8578 553.6923 233.9158 1.5774 1.6111 3.7870 -2.6789 1.4221 22.8783 -1.5874 12.9601
Car -1 -1 -1.7321 659.7513 184.1570 735.2611 235.2038 1.4615 1.6744 4.3005 2.6893 1.4323 22.7619 -1.6145 12.7033
Car -1 -1 -2.0009 786.9854 204.9873 1240.0000 375.0000 1.4260 1.6326 4.0804 2.6619 1.6390 5.6501 -1.5606 12.0949
Car -1 -1 2.2784 0.0000 228.4516 284.7042 375.0000 1.4395 1.6743 4.4144 -2.7970 1.7325 2.5553 1.4479 9.0242
Car -1 -1 -1.6597 654.8097 179.7774 709.2098 225.2990 1.6129 1.6884 4.2173 2.7312 1.4214 27.5833 -1.5610 5.9982
Car -1 -1 -1.6876 540.2475 181.6779 568.9786 204.0512 1.4939 1.5857 3.4883 -3.7381 1.2588 49.8570 -1.7625 5.3300
Car -1 -1 1.5428 632.5683 176.3797 659.5981 201.0746 1.5644 1.6650 4.0953 2.4767 1.0058 47.6024 1.5948 2.5273
Car -1 -1 -0.5953 612.7593 179.3836 666.7858 200.5347 1.5124 1.5926 3.7334 2.3560 1.0965 53.0546 -0.5509 1.7441
Car -1 -1 1.8444 143.7996 74.5592 510.9009 375.0000 2.6023 2.3561 6.6056 -2.8670 1.6698 9.3901 1.5481 1.2087
Car -1 -1 -1.6599 529.4990 180.2325 551.7668 197.8487 1.4736 1.5912 3.6534 -5.8330 1.0579 62.0698 -1.7536 0.0112
Car -1 -1 -1.6674 550.5248 185.0773 577.3327 205.8457 1.4689 1.6054 3.7551 -3.2713 1.4602 52.8198 -1.7293 -0.8545
