Car -1 -1 -1.7362 734.7752 189.9758 825.2689 256.5227 1.4510 1.5581 3.7491 4.1150 1.5832 17.8636 -1.5098 13.9585
Car -1 -1 -1.4000 416.0996 196.3608 557.1392 305.8127 1.4116 1.5718 3.9046 -1.8212 1.6235 11.6313 -1.5553 13.6649
Car -1 -1 -1.4315 506.2603 185.5927 589.6776 254.4471 1.5454 1.5918 3.5724 -1.4409 1.5569 17.9807 -1.5114 13.0598
Car -1 -1 -1.1636 39.6550 197.2641 490.8890 375.0000 1.5311 1.6278 4.0736 -2.2422 1.6660 5.9031 -1.5266 11.3242
Car -1 -1 -1.6727 707.0262 185.8637 760.2679 226.6744 1.4765 1.6287 4.0915 4.8179 1.5049 28.1666 -1.5033 11.2668
Car -1 -1 -1.4479 551.0232 188.4370 608.1953 231.3657 1.3997 1.5810 3.8641 -0.9733 1.5251 25.7260 -1.4857 8.3543
Car -1 -1 -1.5087 567.8317 158.9950 621.5052 219.7447 2.5205 2.0991 5.2318 -0.5302 1.4337 32.4826 -1.5250 7.2893
Car -1 -1 -1.5369 690.9094 182.9001 719.3326 208.1255 1.5072 1.6334 3.9634 6.1121 1.3700 45.0392 -1.4020 5.1501
Car -1 -1 -1.5896 605.0770 180.5069 632.2392 204.9840 1.4931 1.6489 4.0742 0.6336 1.2070 45.8878 -1.5758 3.1520
Car -1 -1 1.3222 670.1619 178.4875 696.2726 194.6753 1.5254 1.6084 3.8899 7.2871 0.8925 69.7771 1.4262 1.7471
Car -1 -1 -2.0059 752.0951 187.7446 932.0113 280.0469 1.4919 1.6506 4.1580 4.2418 1.5496 13.9076 -1.7099 0.9078
Car -1 -1 -0.5810 681.7236 184.1730 740.1973 208.7865 1.6430 1.5998 3.7178 7.0879 1.5745 49.4945 -0.4388 -0.5203
