Car -1 -1 -1.3618 390.2090 185.6087 515.9300 280.9329 1.5069 1.5501 3.3706 -2.7142 1.5161 13.0622 -1.5667 15.6143
Car -1 -1 -1.6882 676.4154 182.7561 759.0344 249.1626 1.5076 1.6043 3.8162 2.6351 1.4529 18.2444 -1.5447 12.9808
Car -1 -1 -1.6307 526.3471 179.1609 558.6106 206.4971 1.4599 1.5713 3.8047 -3.7354 1.1376 40.3853 -1.7230 12.9597
Car -1 -1 -1.8182 688.2055 187.9145 844.3998 288.1604 1.5202 1.7209 4.3212 2.6366 1.5792 13.2172 -1.6212 12.7540
Car -1 -1 -1.7929 624.0705 178.3639 671.6313 211.8564 1.6757 1.6698 3.9693 2.0328 1.3340 38.0590 -1.7396 5.4630
Car -1 -1 -1.7719 645.7311 177.7457 697.0852 216.4728 1.6338 1.5867 3.6356 2.7573 1.3198 32.2194 -1.6865 5.1050
Car -1 -1 -1.6817 667.4946 177.9171 732.3664 234.1174 1.6381 1.5995 3.9744 2.8105 1.4265 22.9443 -1.5599 4.7567
Car -1 -1 -0.6590 608.4886 180.4648 673.0437 205.4549 1.4675 1.5834 3.7608 2.0119 1.1896 43.9394 -0.6133 1.0865
Car -1 -1 1.5389 497.1467 180.4362 522.1006 202.8465 1.6012 1.7022 4.2249 -7.3668 1.2608 53.5829 1.4023 0.6701
Car -1 -1 1.6574 533.3658 182.7033 560.1603 203.8806 1.4437 1.5778 3.6814 -4.3001 1.2735 50.8433 1.5730 -0.3581
