Car -1 -1 -1.3825 385.0982 189.7965 500.1345 277.5926 1.5301 1.6120 3.5402 -3.2384 1.6352 14.5065 -1.6021 13.3471
Car -1 -1 -1.7688 669.9018 192.6690 786.6020 274.8402 1.4177 1.5650 3.9766 2.2725 1.5931 14.7869 -1.6163 13.1247
Car -1 -1 -1.3112 187.7603 203.3354 446.4202 375.0000 1.4239 1.6518 4.1524 -3.0398 1.6892 8.3351 -1.6609 12.9564
Car -1 -1 -1.6636 636.5534 185.4408 694.2314 231.4834 1.4870 1.6277 4.1140 1.9070 1.4967 25.3031 -1.5884 12.0054
Car -1 -1 -1.4449 458.7330 192.1157 524.7367 242.6042 1.3977 1.5661 3.6775 -3.5517 1.6305 22.2689 -1.6031 9.4042
Car -1 -1 2.2468 0.0000 209.7757 289.8316 375.0000 1.5729 1.6791 4.3021 -2.7835 1.7420 2.6704 1.4406 9.2681
Car -1 -1 -1.6087 619.2736 182.2575 651.5386 212.9127 1.7171 1.7311 4.2270 1.5559 1.5525 42.3756 -1.5720 5.3284
Car -1 -1 -1.4885 485.8445 157.8936 546.7454 224.8646 2.4639 1.9991 5.5573 -3.6410 1.4598 29.2609 -1.6123 3.8620
Car -1 -1 -1.4945 523.2408 180.4410 555.2781 208.9610 1.6059 1.5968 3.8103 -4.0238 1.3382 42.3935 -1.5891 3.0915
Car -1 -1 -1.3980 594.7518 177.5941 617.5117 193.5921 1.4474 1.5443 3.4788 -0.1336 0.7590 66.8800 -1.4000 1.6379
