Car -1 -1 -1.2724 512.3914 180.6163 744.1160 344.8771 1.5459 1.6719 4.1645 0.4728 1.5037 9.0042 -1.2199 14.0166
Car -1 -1 -1.7128 960.0842 180.9101 1055.7347 240.8672 1.3526 1.5472 4.0483 10.0438 1.2566 18.3801 -1.2127 11.4428
Car -1 -1 -1.4284 674.2514 180.2176 786.5707 264.7010 1.4337 1.6326 4.1119 2.5423 1.3500 14.4036 -1.2537 10.1760
Car -1 -1 -1.4727 740.1742 172.9368 812.7376 233.9925 1.5464 1.6318 3.6622 4.7713 1.2365 20.1995 -1.2408 9.8939
Car -1 -1 -1.6695 936.7897 172.0269 995.3743 213.3756 1.4864 1.6284 4.1544 13.8644 1.0134 28.0687 -1.2107 7.9149
Car -1 -1 -1.4508 922.2737 168.5175 959.1571 194.6751 1.5120 1.5917 3.7552 20.1840 0.5479 43.5638 -1.0170 5.4141
Car -1 -1 -1.5393 779.6351 173.8297 826.5094 213.3920 1.4023 1.6126 4.2520 7.5601 0.9999 27.7460 -1.2733 4.9726
Car -1 -1 -1.4981 796.2407 149.2468 849.0608 205.2912 2.4049 1.9835 5.4014 10.1273 0.8626 33.7190 -1.2063 2.4226
Car -1 -1 -0.4443 911.0657 170.3055 985.2226 195.7723 1.6125 1.6698 3.9910 21.8846 0.6696 46.3538 -0.0032 -0.4681
Car -1 -1 -1.8728 831.1373 165.2742 880.5464 194.2396 1.7776 1.7537 4.4657 15.9026 0.5549 46.3690 -1.5424 -0.9705
