Car -1 -1 -1.7422 681.5402 188.2430 785.6319 264.3426 1.4782 1.6132 3.8574 2.6236 1.5551 16.0500 -1.5801 15.1137
Car -1 -1 -1.6553 645.8740 180.4083 690.0460 215.6864 1.5270 1.6739 4.1434 2.6821 1.3200 33.1855 -1.5746 13.2981
Car -1 -1 -1.1282 0.0000 199.9800 405.8233 375.0000 1.5199 1.5909 3.6596 -2.8313 1.6710 5.4380 -1.6082 12.0112
Car -1 -1 1.7588 380.4317 195.3388 506.0184 289.2205 1.4309 1.5789 3.5668 -2.9020 1.6426 13.1476 1.5415 11.8285
Car -1 -1 -1.4206 446.4375 146.2437 546.9062 248.9196 2.4851 1.9492 5.5111 -2.9668 1.5430 20.1542 -1.5668 8.0696
Car -1 -1 -1.9908 781.8593 205.0941 1229.0494 375.0000 1.4922 1.5829 3.8916 2.6713 1.7137 6.0174 -1.5731 7.5258
Car -1 -1 -1.5159 528.8570 179.0293 568.6827 216.1687 1.6200 1.6202 4.2192 -2.7225 1.3513 33.4834 -1.5970 4.7411
Car -1 -1 -1.7755 622.8633 175.9109 651.2981 195.2849 1.5065 1.5982 3.5072 2.3098 0.7841 57.7532 -1.7355 2.1944
Car -1 -1 -1.6873 553.9592 182.7958 578.2629 201.1787 1.4922 1.5953 3.8565 -3.5408 1.2969 60.3850 -1.7459 1.7171
Car -1 -1 -1.0523 602.0117 178.5515 639.9474 197.4083 1.5515 1.6055 3.6988 1.1439 1.0043 61.1438 -1.0336 1.5141
Car -1 -1 -1.5879 612.6822 177.6859 631.3740 195.6561 1.5606 1.6033 3.7117 1.2426 0.9078 64.2821 -1.5685 0.2610
Car -1 -1 1.6735 636.3859 175.0566 672.3848 205.1747 1.6739 1.6943 4.0976 2.7519 1.1104 42.1102 1.7388 -1.3409
