Car -1 -1 -1.3992 537.7503 188.8215 659.8302 279.6305 1.4025 1.5836 4.0113 -0.0596 1.4813 13.3752 -1.4036 13.9445
Car -1 -1 -1.4420 609.1712 178.5167 685.2030 240.9010 1.5189 1.5979 3.5903 1.1057 1.3569 19.4101 -1.3851 12.3011
Car -1 -1 -1.7125 824.6692 183.2351 915.4437 243.9661 1.3858 1.6005 4.1349 6.5995 1.3418 18.5850 -1.3713 10.8242
Car -1 -1 -1.2390 322.2123 191.1984 602.3299 375.0000 1.6503 1.6005 3.7697 -1.2272 1.7301 7.4521 -1.4022 10.5869
Car -1 -1 -1.6273 803.2865 174.5257 852.2354 215.1439 1.5031 1.6314 3.9924 8.6836 1.1086 28.7291 -1.3337 9.7877
Car -1 -1 1.6698 646.8286 178.1474 700.3717 220.3995 1.4626 1.6203 3.9022 2.4955 1.2190 26.9490 1.7622 6.4090
Car -1 -1 -1.4474 783.2753 172.4834 817.8511 198.9424 1.5805 1.6360 3.8103 12.0838 0.8211 45.0105 -1.1851 3.4197
Car -1 -1 -1.9116 845.3324 180.5260 1003.1042 260.8063 1.4042 1.5896 4.1846 6.1926 1.3233 14.7050 -1.5130 3.1467
Car -1 -1 1.4680 781.5456 176.9403 808.4569 196.6976 1.4146 1.5597 3.6739 13.8564 0.8233 53.4008 1.7219 -0.9173
Car -1 -1 -1.8304 784.3278 170.0163 826.7155 196.9783 1.7442 1.7247 4.2422 13.2942 0.7621 48.6267 -1.5635 -1.1897
