Car -1 -1 -1.2828 259.0780 193.5798 467.9056 339.8856 1.4882 1.5872 3.3940 -2.9371 1.6166 9.2171 -1.5913 14.7177
Car -1 -1 -1.4285 427.8433 194.3401 518.1152 264.1011 1.4201 1.5858 3.6099 -3.1090 1.6596 16.9442 -1.6100 13.5456
Car -1 -1 -1.6336 636.5244 182.5278 673.4544 212.8354 1.4719 1.6217 4.2581 2.3482 1.3425 37.0364 -1.5703 13.3281
Car -1 -1 -1.6899 661.0178 187.7026 737.2716 246.3132 1.4467 1.6006 3.9978 2.3811 1.5236 19.9084 -1.5709 13.2971
Car -1 -1 -1.8385 719.9112 198.7131 926.0590 335.1763 1.3914 1.5541 4.0332 2.5798 1.6137 9.7497 -1.5799 12.9052
Car -1 -1 2.1977 0.0000 228.1413 302.2189 375.0000 1.4988 1.6189 4.0485 -2.8225 1.8089 3.0658 1.4536 10.4519
Car -1 -1 -1.4715 469.1340 153.4841 547.4963 237.2716 2.4746 2.0222 5.7977 -3.2236 1.5385 24.1577 -1.6042 6.2966
Car -1 -1 1.5501 615.2554 178.1003 634.7360 196.2350 1.5081 1.5872 3.8478 1.4422 0.9175 61.7033 1.5735 1.8269
Car -1 -1 -1.5012 550.4756 183.4892 571.7308 200.5719 1.4805 1.6289 3.9326 -4.1517 1.3320 64.2678 -1.5657 0.6698
Car -1 -1 -0.5862 565.8771 187.4430 615.7596 206.1854 1.4541 1.5975 3.7629 -1.3645 1.6401 57.9122 -0.6098 -0.0384
